double 10 5.6 4.4 4.6 3.5 5.4 3.7 3.6 6 4.6 3.5
bool 16 1 0 1 0 0 1 0 0 1 1 1 1 0 1 1 1
double 17 1.6 3.5 2 1.1 3.3 1.1 3.4 3.9 2.3 3.2 1.7 1.9 2.4 1.3 4 1.8 1.4
bool 17 0 1 1 1 0 1 0 1 0 1 1 1 1 1 1 0 0
int 19 66 48 45 58 39 64 56 41 61 59 60 64 59 44 55 53 64 61 42
char 19 q o r b b s f m a l b c e p p m d c n
double 20 3 3.6 4.3 3.1 4.6 2.9 4 4.2 4.6 2.4 3.9 4.1 2.9 2.1 3.3 4.4 3.2 4.6 1.9 3.3
double 20 3.2 2.8 5.1 2.7 3.3 2.7 5.4 5 3.6 5.3 4.3 4.7 2.8 3.8 3.3 4 4.3 5.1 3.3 4.9
double 21 3.4 3.9 3.5 4.4 6.2 6 5.7 5.5 3.3 3.5 4.8 5.3 3.5 5.4 4.5 3.6 5 5 5.9 5.8 3.4
int 21 6 28 27 26 14 13 25 10 33 28 15 33 26 7 20 20 6 31 25 23 11
bool 22 0 0 1 0 0 1 0 1 1 1 0 1 1 0 1 0 1 1 0 0 1 0
double 22 3.3 5.3 4.3 4.4 5 4.1 4.4 4.7 5.4 2.7 3.3 4 5 3.2 3.7 2.9 3.3 5.3 4.5 5.4 3 3.4
bool 22 0 0 1 0 1 1 0 0 0 0 1 0 0 0 1 0 0 1 0 0 0 0
char 23 m g j h o r f s g f r f h t l b t b f f o n e
char 24 d i c a q f r m m a q a b s p t d d b s c h m l
int 24 72 64 52 66 51 65 61 67 56 74 56 69 65 48 45 63 60 45 72 60 62 64 54 67
double 25 1 3.1 3.1 3.4 1.9 3.1 2.6 1.6 1.1 3.4 3.2 3.5 2.4 1 2.4 0.7 2 2.7 2 3.3 1.5 2.3 0.7 0.9 2.4
int 25 68 76 49 52 71 61 62 78 53 50 63 61 76 53 63 65 53 66 57 77 73 56 54 71 75
double 27 4.3 6.5 5.1 6.3 5.4 5.6 6 3.6 6.4 4.6 3.9 3.9 4.7 4.9 6.2 4 5.8 6.5 5.8 5.8 4.7 5.1 4.1 5.7 5 3.6 5.2
char 27 a t p p f b d i e s f e p g g a d i k t a r t s r r k
bool 27 1 1 1 1 1 1 1 1 1 1 1 0 1 0 0 1 0 1 0 0 1 1 1 0 1 0 0
bool 30 0 1 0 1 1 0 1 1 0 0 1 1 0 0 0 0 0 1 0 0 0 1 1 0 0 0 1 0 1 0
int 30 30 32 33 35 32 50 47 52 48 42 47 27 39 43 31 44 32 28 39 53 34 47 37 32 44 47 41 43 29 48
bool 33 0 0 0 0 1 1 1 1 1 1 0 0 1 0 1 1 0 0 0 0 0 1 1 0 1 1 0 0 0 0 0 1 1
char 35 s q e t o i o s c g c q e l t a q q n p e r d n d p d b p s c o b b n
double 36 3.6 4.1 4.6 2.2 1.9 4.6 2 3.6 3.1 2.2 3.6 2.5 3.6 3.1 3.8 3.1 2.6 3.4 2.2 3.1 3.4 3.2 4 3.3 1.9 3.9 4.3 1.8 1.9 2.8 3.5 2 3.1 3.1 2.7 2
bool 38 0 0 1 1 0 0 1 0 0 1 1 1 0 0 1 1 1 1 1 1 0 0 0 0 1 0 1 0 1 0 1 1 0 0 1 0 0 1
int 38 32 20 23 24 34 32 27 32 6 16 14 24 24 16 23 20 12 30 28 7 15 15 34 32 21 32 27 26 17 5 18 10 19 9 25 6 14 27
bool 39 1 1 0 1 0 0 0 0 0 0 0 0 0 1 0 0 0 1 0 1 0 1 0 0 0 0 1 1 1 0 0 1 1 1 0 1 0 1 0
int 39 48 36 51 44 41 36 39 53 63 59 63 51 38 35 57 60 58 43 58 49 47 55 36 58 57 54 55 54 62 60 64 54 47 54 37 37 51 43 36
char 39 n e q g h e e o h t i p o g l a k i a n r l j d l b b t g l i h j e k m r o a
double 40 5.5 4.9 4.6 4.4 5.4 4.4 5.9 5.4 6.1 4 3.8 5.1 4.6 5.4 4.6 3.6 4.5 4.1 5.1 4.7 3.3 3.6 4.9 3.4 5.6 3.3 4.8 5.9 4.6 4.5 3.8 5.2 5.7 4.2 3.5 4.2 5.6 3.6 4.3 6
int 43 72 60 53 57 45 46 72 66 59 69 54 65 47 49 70 71 46 60 48 67 71 44 66 47 51 57 55 62 59 61 46 57 46 62 45 53 65 65 66 71 52 44 46
double 44 2.5 2.7 1.4 1.3 2.2 3.2 2 2.6 2.6 2.8 1.9 0.7 3.4 1 0.7 1.9 1.5 1.4 0.9 1.7 1.5 2.9 2.6 2.5 3.4 3 2.4 3.4 3.4 2.2 1.2 2.7 2.3 1.9 3.1 2.1 2.2 3.4 1.4 3.2 1.2 1.2 1.4 1.2
char 44 m f j l q j h n q c c s i o s l r l i q p h q m j n m e g p c h n k c n h l m r i l a j
double 45 6.9 5.8 6.1 7.1 5.5 7.1 6 6.2 4.8 6.1 6.6 5 5.1 7 4.5 7 7 6.9 5.1 7.1 6.9 6.2 7.1 6.7 7.2 6.8 5.7 6.9 6.9 5.2 5.9 7.2 6.6 4.7 4.7 5.5 5.7 6 6.8 5.9 7.1 6.4 6.6 4.6 6.8
bool 45 0 0 1 1 1 0 0 0 1 1 1 1 1 0 0 0 0 0 1 1 1 1 0 0 0 0 0 0 0 1 0 0 0 0 0 1 0 1 1 0 0 1 1 1 1
char 48 b c s i a a k s e o c m i a e l m r p k t b r a h c o r f d d p i s r o r p e f h h d i g l r l
bool 48 1 1 0 0 0 0 0 1 0 0 0 1 1 0 0 1 1 1 1 1 1 0 0 1 1 0 1 0 1 1 0 1 1 0 0 0 0 0 0 0 0 0 0 0 0 0 1 1
char 48 m s k b g d t i d b j i j s j d o a c h g h i p j g q r l o d f d i s n g s s n j o m b p h o b
bool 52 1 1 1 1 1 1 1 0 1 0 1 0 1 1 1 1 0 1 1 0 0 0 0 1 1 0 0 1 1 1 0 1 1 0 0 1 1 1 1 1 1 0 1 1 1 0 0 0 0 0 1 0
int 52 24 21 37 36 23 32 21 32 16 9 30 33 23 21 38 23 10 34 26 10 30 19 29 26 37 20 30 33 13 25 35 26 21 31 33 28 17 30 33 34 32 36 12 19 19 23 38 13 14 12 31 13
double 54 3.2 5.5 3.7 4.5 4.5 5.3 5.4 4.8 5.8 5.4 5.5 5.6 5.7 3.2 4.1 4.5 5.1 4.8 4.1 4 4.7 4.8 5.6 5.2 3.4 4.6 3.9 5 3.5 4.5 5.2 5.4 5 5.5 3.2 3.1 5.8 3.3 5.5 5.4 3.7 3.3 5.8 4.2 3.7 3.2 3.9 4.3 5.1 4.9 3.4 3.7 4.5 3.6
bool 58 1 0 0 1 0 0 0 1 0 0 0 0 0 0 0 1 1 1 0 0 0 0 0 0 0 1 0 0 0 1 0 1 1 1 1 0 1 0 0 0 1 1 0 0 0 0 0 1 0 1 0 0 1 1 1 1 0 0
int 59 47 20 22 26 42 23 34 24 39 42 31 32 20 46 43 24 45 26 44 45 42 31 45 41 30 36 33 36 30 39 48 45 24 48 33 19 39 40 40 45 31 41 29 20 24 22 44 48 24 46 48 41 33 24 38 46 32 34 31
char 61 e j d i t e d l e j f c i b t o t o h a g q k t j t n n c p j r f j h b q p e s e s o d o e m p b t t m h p e f e d s q l
double 61 4.6 4.6 3.5 3.5 3.7 2.8 4.8 3.3 4.2 4.9 5.2 2.9 5.3 3.3 4.9 3 2.9 4.7 2.7 5.3 4.6 2.8 4 5.1 5.2 3 4.3 5.2 3.5 4.7 4.5 5.4 5 2.9 2.8 4.6 3.9 5.3 4.2 3.5 3.7 3.6 3.9 4.4 3.9 5.2 4.6 5.3 3.5 5.3 4.7 4.6 2.7 5 5.4 2.8 4.6 3.2 2.8 3.9 5.4
bool 61 1 1 1 1 0 1 1 0 0 0 0 0 1 0 1 1 0 1 0 0 1 1 1 1 0 1 1 0 0 0 0 1 0 0 1 0 1 0 0 0 0 1 0 0 1 0 1 0 0 1 1 0 1 0 1 0 0 0 0 0 1
int 61 72 58 57 62 57 68 61 44 45 46 56 61 62 64 64 50 61 59 56 63 68 61 60 55 72 60 64 57 54 45 49 50 44 52 72 60 69 64 73 44 48 55 60 59 66 68 44 46 50 67 46 65 65 68 62 66 65 60 67 73 49
int 62 56 56 36 49 47 51 52 54 52 56 33 28 31 52 45 34 47 44 55 55 27 34 49 44 45 55 50 30 51 42 34 48 54 33 34 46 50 52 35 34 49 52 41 35 40 39 53 37 54 54 54 35 28 33 30 53 44 40 32 41 49 37
char 62 b l n k m o n g h r a q q c n t c f r q p h d k t i n l h c r f l c j d a o d c c l r l c e p s t g t f d q d n l j b s k r
bool 63 0 1 1 1 0 0 1 1 0 0 1 0 1 1 0 1 1 1 1 1 0 0 0 1 1 0 0 1 1 1 1 1 0 1 1 0 1 1 1 0 1 0 0 0 1 0 0 1 0 1 1 0 1 0 0 1 1 1 1 1 1 0 0
bool 65 1 1 1 1 0 0 1 1 0 1 1 1 1 0 1 1 0 1 0 1 0 0 1 1 0 0 1 1 0 1 0 1 0 0 1 1 1 0 0 1 0 1 0 0 0 0 0 0 0 1 0 0 1 1 0 1 0 0 1 0 1 1 1 0 1
int 66 39 62 64 50 48 54 54 50 52 47 40 61 52 53 62 38 45 48 36 39 62 38 62 54 41 57 46 47 44 58 62 37 59 53 48 44 57 54 55 52 47 41 43 61 59 40 55 58 59 47 62 47 65 36 50 46 38 49 65 43 60 39 55 40 54 47
int 67 27 11 30 11 16 22 34 32 17 19 13 28 17 28 14 31 15 33 26 8 33 17 35 16 34 21 9 17 14 27 23 19 15 26 33 15 27 15 16 28 27 29 36 27 9 31 30 14 11 17 12 11 37 21 20 9 33 33 15 17 37 19 15 27 31 21 10
char 68 e h c b q a d t f s l d f r r a c h t c m i n f p i e m q t n l p f h p m c h k g o n c a t j b d j l t b d g l g b q q j i b f m e n n
double 70 1.8 1.3 3.7 1 2.5 1.5 2.4 2 2.8 2.4 2.7 1 1.5 1.9 1 3.1 3.4 3 1 3.2 2.9 1.8 1.9 2.3 3.6 0.8 2.7 1.3 2.4 2.5 3.5 0.8 2.4 1.9 0.8 2.1 2.3 0.8 3.6 3 2.2 1.7 2.5 3.7 1.7 1.4 3.7 2.1 2.6 2.8 1.9 2.9 2 1.9 3.5 2.3 3.1 3.3 1.4 2.9 3.4 0.9 2.8 3.2 3.1 1.1 2.8 1.1 1.4 3.7
double 70 5.2 4.4 3.5 6.4 3.9 5.4 4 3.7 4.8 4.6 4 5.1 4.7 4.7 5.2 5.6 6 5.3 3.5 5.4 5.7 6 3.6 4.3 4.9 3.8 5.6 5.3 5.1 3.6 5.7 3.6 5.4 6 6.3 5.9 6 4 5.2 4.6 6.3 4 5.4 5.2 6.3 5.7 4 4.2 5.2 3.5 5.4 5.5 6 6.1 3.6 6.2 4 3.5 3.6 5.1 3.6 4.2 4 6.1 4.4 5.2 4.8 4.4 5.4 4.5
double 71 4.7 7 6.8 4.9 7.6 4.9 5.8 5.3 5.9 5.1 7.3 6.6 6.4 5.7 6.9 6.8 4.7 7.5 5.1 6.1 6.6 7.3 6.1 4.7 6.4 7 7.4 5.6 4.9 7.4 5.1 6.4 5.2 6.6 5.6 4.8 7 7.1 5.4 7 7.3 6.7 5.8 6.1 7.5 5 7.5 5.8 6.2 6.9 6.9 5 4.7 6.1 7.6 5 6.5 6.1 5.2 5.6 5.7 5.5 5.2 4.8 5.6 7.6 6.9 5.4 5.2 6.4 5.5
char 72 i t m l n c k g g b i s b o d b k q q t g k j c s e e p j r e c a g f e g e s j f m e c t q d r c j a d g k g o g g a i j o e o l h c i j b s b
bool 72 0 0 0 0 1 1 0 0 1 1 1 0 1 1 1 0 1 0 1 1 1 0 1 1 1 1 1 0 0 1 0 1 1 1 1 0 1 0 0 1 0 1 1 0 1 0 0 0 0 0 0 1 0 0 0 1 0 0 1 1 1 1 0 0 1 0 1 0 1 0 1 1
bool 72 1 1 0 1 1 0 0 0 0 0 0 1 0 1 0 1 0 1 0 1 1 1 0 1 1 0 1 0 0 0 0 1 1 0 0 0 0 1 0 1 1 1 1 0 1 1 1 0 0 1 1 0 1 0 0 0 0 1 0 0 0 1 0 0 0 1 1 1 1 0 1 0
double 74 3.8 5.8 5 4.8 3.8 4.3 5.4 4.1 3.7 4.5 4.4 5.9 4.2 3.1 5.1 5.3 3.6 3.6 4.2 4 3.5 4.2 5 5.7 4.2 3.2 5 5.9 5.2 4.8 3.9 4.5 5.3 3.9 4.8 5.6 3.8 4.5 5 3.8 3.3 5.5 3.5 4.9 3.7 3.4 6 5.7 4.4 3.1 4.8 3.5 4.6 3.8 4.7 4.7 4.3 4.2 5.5 4.6 5.9 4.7 3.6 5.1 5.8 5.3 5.5 5.2 4.7 4.3 4.9 3.2 5.1 4.9
int 75 47 32 34 51 41 49 61 48 59 56 41 41 55 56 58 49 40 46 60 49 52 54 36 45 36 47 32 42 38 38 53 54 54 32 36 34 54 53 59 47 50 60 54 39 42 50 61 48 59 44 41 57 61 54 43 46 56 46 56 47 51 49 54 43 59 39 61 41 54 36 43 41 52 40 44
bool 76 0 1 1 0 1 1 1 1 1 0 1 0 0 0 0 0 0 1 1 0 1 1 1 1 0 1 1 1 0 1 1 1 1 1 0 1 1 1 1 1 0 0 1 1 1 0 1 1 1 0 0 0 1 1 0 0 0 0 0 1 0 0 1 0 1 0 1 1 0 0 1 1 1 0 1 0
bool 77 0 1 1 0 1 1 0 0 0 0 1 1 0 1 1 1 1 1 0 0 0 1 1 1 1 0 0 0 0 1 1 0 0 0 1 1 0 1 1 1 1 0 1 0 1 0 1 1 1 1 1 1 1 0 1 0 0 0 1 1 1 0 1 1 1 1 0 0 0 0 0 1 0 1 1 1 1
int 79 66 71 67 47 62 51 58 66 60 71 55 54 64 52 74 74 52 73 47 63 56 48 48 75 74 64 49 60 61 68 65 53 67 55 48 47 72 64 59 51 57 50 64 67 70 73 60 51 48 54 59 65 53 75 66 63 54 76 52 70 60 55 64 73 54 64 59 49 48 73 58 63 66 74 50 74 63 55 72
int 79 17 28 14 34 16 8 29 18 32 8 35 23 16 17 15 29 31 34 8 17 13 19 29 11 26 15 31 13 29 24 10 23 18 34 13 15 21 29 18 20 9 16 20 15 33 19 32 25 10 10 35 32 19 20 16 10 6 21 28 26 30 8 23 25 33 31 29 28 32 19 26 24 26 28 12 26 6 18 32
bool 81 0 0 1 1 1 0 0 1 0 1 0 0 0 1 1 0 1 0 0 0 0 0 0 1 1 0 0 0 0 1 1 1 1 1 0 1 1 1 1 0 0 1 1 1 0 0 0 0 1 0 0 0 1 0 0 0 0 1 0 0 1 1 0 1 0 0 1 1 1 0 1 0 0 1 0 0 1 1 0 1 1
double 82 2.7 4 3.6 2 2 2 1.9 3.3 1.8 4 3.9 2.5 1.1 2.3 3.5 3.9 1.1 1.3 3 3.9 1.8 1.7 1.7 3.8 1.8 1.8 1.4 3.7 2.4 2.9 2.8 3.1 1.4 2 3.6 3 2.9 3 3.6 1.6 2.7 1.1 3.4 1.3 3.5 2.7 3.3 3.7 2.2 2.9 2.5 1.6 3.2 4 3.1 1.4 1.6 3.9 3.2 1.8 2.8 4 2.8 1.9 1.4 4 2.5 1.1 3.7 3.5 3.6 1.4 1.3 4 3.6 2.4 3.7 2.7 2 1.2 1.1 2.3
int 84 64 43 67 68 61 55 50 68 53 41 56 47 45 67 50 44 66 47 64 65 66 53 42 48 61 50 57 45 60 63 59 47 62 43 52 46 41 51 41 59 69 41 63 67 65 41 70 51 69 55 52 45 44 62 51 54 68 41 58 46 49 51 45 53 46 46 44 66 70 62 58 41 62 70 43 52 69 68 63 63 55 47 49 66
double 85 6.2 6.4 6.4 5.8 5.5 5.3 6.9 4.4 4.5 5.1 5.3 5.4 4.8 5.6 4.8 5.8 6.1 5.5 6.4 4.9 4.3 5 6.2 6.8 5.4 5.9 5.9 5.8 6.5 4.5 6.8 4.4 5.4 4.6 6.2 4.8 7 5.1 4.2 6.6 6 6.6 4.3 6.5 4.9 5.6 5.8 6.6 5.4 4.3 5 4.8 5.5 6.3 7.1 7 4.7 5.5 5.3 6.3 6.4 6 4.6 4.8 5.3 5.4 5.8 5.4 5.4 4.2 5.3 5.8 5.7 4.2 5 6.7 6.8 5.6 5.1 6.6 5.8 5.8 5.1 6.4 5.3
bool 85 0 0 1 1 0 1 1 1 0 0 0 0 1 0 0 0 0 1 1 1 1 1 1 1 1 1 0 1 0 0 1 0 1 1 0 1 0 0 1 0 1 1 1 1 0 1 0 0 1 1 0 1 1 0 1 1 0 0 1 1 0 1 0 1 1 0 0 0 1 0 1 0 0 0 1 0 1 0 1 1 1 1 1 1 0
int 86 63 52 60 62 34 59 39 50 57 40 58 37 59 46 39 55 63 44 58 38 52 45 57 55 50 59 42 54 34 57 58 39 46 41 37 50 50 36 47 46 61 43 51 43 56 41 61 45 48 44 61 49 60 55 50 41 36 62 52 37 45 40 39 45 35 50 51 43 60 48 39 52 40 44 38 55 56 46 34 52 39 56 34 41 41 51
char 88 o s g e i t f n g b k r a r s h e k j l b f q s i n g d f f h k e h h f n l h b t p r b q h l j l k b e h l h s p l f q j k p h t j b r q b a h e k h r j m l l r p k d j e c i
bool 89 1 0 0 1 0 1 0 0 0 0 0 1 1 1 0 1 1 1 1 0 1 1 0 1 1 1 1 0 1 1 0 0 0 1 1 1 0 1 0 1 1 0 0 0 1 1 1 1 1 0 0 0 0 0 0 0 1 0 0 1 0 0 1 0 1 1 1 0 0 1 1 1 0 1 1 0 1 1 1 0 1 1 1 0 0 1 1 1 0
double 90 5.1 6 6.6 5.1 4.5 4.9 3.9 5.1 5.3 5.5 5.9 4.6 3.8 4.4 5.4 5 6.6 5.7 5.5 4.5 5 6.6 6.3 5.1 4.5 4.5 6.4 3.9 4.4 3.9 6.3 6.6 6.5 5.3 6.3 6.3 5 3.9 6 4.7 5.1 6.1 4.1 5.9 6.6 5.7 5.4 6.4 5.1 5.9 4.7 6.1 6.3 5.7 6.5 6.4 4.1 5.6 5.7 6.1 6.3 6.3 4.3 6 6 4.4 4.7 5.3 5.3 5.5 5.1 4.7 5 6.3 6.7 6.7 5.9 4.3 4.3 6 6.7 3.9 6.6 5.3 6.4 6.7 4.9 6.7 3.8 4.2
double 91 4.9 3 5.3 2.9 5.2 3 4.6 2.8 5.6 5.2 4.6 3.7 3.1 4.6 4.2 5.1 4.2 4.6 4.7 5.1 4.6 4.6 5.6 3.9 3.1 3.8 2.7 3.8 3.9 4.2 4.9 2.8 2.9 3.7 2.9 4.6 4.7 3.4 5.2 3.6 3.7 4.5 4.1 3.1 3.9 5.5 4.7 5.5 5.4 2.7 3.6 3.5 5.5 4.2 2.7 3.9 4.2 4.3 3.9 5.5 2.9 4.7 5.4 3.8 2.9 3.4 4 3.9 4.4 5.2 4 5.2 4.6 4.3 5.1 4.2 4.8 3.9 4.6 4.9 5.5 4.3 4.6 4.7 5 2.9 4.7 4.2 5.4 4.4 3.7
int 91 64 65 44 46 59 60 47 59 50 67 65 58 68 57 58 58 44 59 67 70 58 65 68 49 51 61 52 69 54 50 53 70 68 53 47 72 71 60 47 49 53 51 46 52 60 65 73 56 64 49 67 68 58 54 71 61 73 69 47 68 63 48 67 70 63 73 49 46 53 71 49 44 57 44 53 70 56 57 63 66 61 67 44 55 44 48 63 68 69 71 70
int 93 41 55 52 61 45 46 44 54 58 53 50 62 42 46 40 54 47 55 57 62 64 40 54 45 57 48 40 53 62 65 64 39 65 55 47 40 47 54 62 48 37 39 51 65 62 43 60 65 56 45 39 65 38 50 41 42 41 42 44 47 45 39 47 36 45 64 44 39 40 55 65 42 48 64 63 49 48 63 63 44 57 50 36 43 61 39 65 55 40 56 42 51 65
char 94 g l g k b c s j n d t h o g c k s e b g h j g f t s e e s m s t j r f c e f b d a g q s a s e q b t j r b r i g a p r a c p p s r t b p l o m t i l e r d s k m n n h g a r t m p b g e f a
double 94 2.2 1.7 2.7 1.5 4.3 3.6 3.1 3.9 3.9 2.1 3.6 3.8 2.1 3.7 1.6 4.3 3.3 1.7 3.1 4 4 3 4.4 2.4 3.9 3.4 2.6 3.7 1.9 3.6 3.4 2.8 1.9 3.8 3.5 2.1 2.6 3 3.2 2.1 4.2 1.9 3.9 3.5 2.8 1.6 2.6 2.3 2.3 2.6 3.3 3.6 2.7 4 4.3 1.7 3.8 2.1 4.1 1.9 3.6 2.3 2.2 3 2.2 3.5 2.9 2.3 1.8 2.4 3.3 3.2 2.7 3.1 1.9 1.5 3.7 3.2 2.1 3.1 2.6 4.2 2.1 1.8 2 3.1 2.8 2.7 4.2 4 2 3.9 3.9 3.5
double 95 3.1 2.2 2.2 0.6 2.6 0.8 2.9 1.2 1.4 0.9 2.9 1.5 0.4 1.9 1.4 1.7 2.8 0.3 1.5 0.5 1.5 1.1 2 2.8 0.2 2.5 2.4 1.1 2.7 3.1 0.7 2.2 1.1 0.2 3 2.9 2.5 2.8 2.6 2.5 1.9 2.1 0.8 2.8 1.8 2.2 2.4 0.3 2.3 1 3.1 0.6 0.7 2.8 1.3 2.1 2.4 0.7 2.9 2 2 1.8 0.2 2.5 2.7 0.7 1.5 2.3 2.1 1.7 0.9 1.8 1 3 2.8 1.1 1.9 1.7 0.4 1.8 2.1 1.1 1.7 1.1 1.7 1.1 0.4 0.9 1.3 1.7 1.4 1.4 1 2.4 2.4
char 96 r f i b m m t d p g r h e e h o l g g t s a a l a k t l k n n e j j p d h d a e a f c e m f t l k h t f h p g d o c t r l p n r k i p d l s p r g h t t o g b d h i d m q l b p f q d t p e q a
char 97 r n s a d b i l t j l c t t f b i j i g s e o h p o t i k i j g g t h s o b h c t n g f q k s g g p c p i r o q l a t r d j i i j f q h s r t h g e l n p l p b a q j d b f c h q b e a n j n c f
bool 97 1 1 1 1 0 0 0 1 1 1 0 1 0 1 1 0 1 0 0 1 0 0 0 0 1 0 1 0 1 0 1 0 0 0 0 0 0 1 0 0 1 1 1 1 0 1 1 0 1 1 0 1 0 0 0 1 1 1 0 1 1 0 0 0 0 1 1 0 0 1 0 1 1 1 1 1 1 0 1 0 0 0 0 1 0 0 0 1 1 0 0 0 0 1 1 0 0
double 97 6.5 5.3 5 4.2 4 5.4 6.9 6.6 5.3 6 4.8 6.8 6.4 6.7 5.3 4.1 4.5 4.3 5 6.5 4.1 4.8 4.7 4 5.9 4.1 6.8 5 6.3 5.3 5 6.2 4.5 5.3 6.1 4.2 5.9 6 5.7 5.9 6.3 5.4 4.7 4 6.2 6.5 6.5 6.3 5.9 6.8 4.1 4.8 6.3 5.7 6.5 6 4.1 6.9 5.3 5.6 4.2 4 4.1 5.1 4.8 6.3 5.2 6.9 6.9 4.5 5.1 4.1 4 5.6 6.8 4.5 6.2 5.2 5.5 6.8 6.3 4.8 6.6 5.6 5.5 6.8 4.1 5 6.8 4.2 5.2 5.7 4.8 5.9 6.4 4.8 4.5
int 98 17 26 20 6 27 9 7 18 16 9 9 30 15 16 21 29 25 20 16 18 20 11 21 15 8 7 24 16 27 13 11 15 9 10 27 24 20 22 16 6 22 27 6 7 17 20 23 5 8 8 15 23 24 24 18 22 28 3 25 25 13 16 20 11 26 12 30 3 20 6 15 18 13 18 14 1 17 29 29 21 14 20 20 19 27 24 7 12 27 13 29 15 21 29 28 12 8 14
char 99 h b t c d t c d s e s c p e e p i l j a p o s t r k o r d b g l p t r s m b f k i b f c n j m s k r n b t g c a b q p o d f k p s k c q j f b j c e a c m t i k g m q k g e t f r a s c i m r p h i t
int 99 21 11 21 27 11 14 32 30 14 32 6 18 34 33 6 22 27 9 26 5 16 10 26 21 20 27 33 13 34 29 10 5 6 16 29 5 16 22 27 8 20 30 25 30 26 9 21 10 22 21 29 6 6 26 26 22 16 33 25 27 29 27 28 29 27 10 17 34 34 10 28 31 15 17 25 19 19 8 24 23 34 5 9 8 20 14 8 6 16 8 21 34 8 15 11 28 13 32 20
int 101 26 36 37 30 20 37 24 34 30 36 34 28 41 18 13 37 21 27 24 18 33 40 20 22 26 36 24 34 39 41 37 16 27 21 16 25 31 34 30 33 27 36 20 30 22 23 22 37 17 25 26 31 33 20 19 20 23 34 24 12 21 15 15 24 16 38 22 18 17 35 40 24 17 41 32 36 18 33 35 34 22 14 24 31 30 19 22 16 19 40 38 30 20 19 20 36 15 34 22 16 23
double 101 1.1 1 3.1 1.7 2.7 0.9 2 1.5 1.5 3.4 2.9 2.2 2.8 1.3 2.6 1.5 1 1.4 2.8 1 2.5 3 3.1 1 3 3.6 2.7 1.4 2.6 3 1 1.8 2.2 1.6 3.3 2.5 2.4 2.8 3.6 2.2 2.5 3.1 3 2.5 1 2.3 1.1 1.9 2.3 1.3 3.4 1.9 2.3 0.9 1.4 1.2 2.4 2.6 3.4 2.8 2 3.5 3.4 3.5 2.1 3 1.7 1.8 3.5 1.3 2.7 1.3 2.2 2.1 0.9 1.3 1.9 1 2.9 2.5 3.7 1.2 1.5 2.3 2.9 0.8 2.9 1.1 2.8 0.9 2.3 0.8 1.2 2.7 2.1 2.3 1.3 2.3 3.3 2 2.8
char 102 d s f s h e t t b l s c o r f p r c a o b h o p r r o g s d e g q t r j e t o b j e e i t c l n i h a r j l j l l g f j r m d h t a p g c d h j o p t d b g m k d s n r c n q i t t g m t l g q i n g e d m
double 104 3.1 3.9 3.9 3.2 4.5 4.5 2.7 5.3 2.7 3.2 5.3 4.2 4.5 4.4 4 4.6 5.1 3 4.2 4.9 5.2 2.6 2.9 3.2 4.7 5 5.1 4.6 5.1 5.2 3.2 5.2 5.1 4.8 2.7 4.2 5 5.3 4 3.1 2.6 4.5 3.3 4.2 3.4 4.1 4.4 5.3 4.2 4.4 2.5 5.3 4.3 5 3 4.7 3.6 2.6 2.6 3.1 3.3 3.7 3.8 4.6 3.5 3.6 4.2 4.2 3.7 4 4.8 3.4 4.2 4.1 2.8 3 3.8 4.2 2.7 5.4 5.2 4.6 3.8 2.9 2.6 3.5 3.9 4.9 4.3 2.7 3.4 4.6 3.7 4.1 2.5 4.8 3.4 2.5 3.8 4.2 3.5 4.5 4.2 3.8
char 106 a q c q k r o q t f h j r q n d q j j h j p o d q m e c d s c e g h s o n k t i t m n e f d h q a d p c l b j b a k o r h i g c d d l f b e i r s n m h f k o e j i l i q l i d n j s b i q q h l n r b e s s c q d
bool 106 1 1 0 0 1 1 1 0 1 1 1 1 1 0 0 1 1 1 1 0 1 0 0 1 0 0 0 0 1 1 0 1 0 1 0 1 0 0 1 0 1 0 1 1 0 1 0 1 0 0 0 0 0 0 1 0 0 1 0 0 1 1 0 1 1 1 1 1 1 1 0 1 1 1 0 0 0 1 1 0 1 1 0 0 0 1 1 0 1 0 1 1 1 0 0 1 1 0 0 1 0 1 1 0 1 1
char 107 o n k m s l l t j l f j m i b g l r a i b s s i q p a r k r b c g n o l s m t b m c h p j r a q j s b b e f r g q k j d r a j p q q t m l i q j e e t o k p j j m s k r o h m f k t t t l l t t f e i f l j p p a l d
bool 108 1 1 1 0 0 1 0 0 0 1 1 1 1 0 0 1 0 0 0 1 0 0 1 0 0 1 0 0 1 1 1 1 1 0 0 1 0 1 1 0 0 0 1 1 0 1 1 0 1 1 0 0 1 1 1 0 1 1 0 1 1 0 0 0 0 0 0 0 1 1 0 0 1 1 1 0 0 1 1 1 1 1 1 1 1 0 0 0 0 1 0 0 1 0 0 1 1 0 1 0 1 0 1 0 1 1 0 0
double 108 3.1 1 1.6 2.4 1.1 3 2.7 1.6 2 2.8 1.8 2.5 0.3 0.9 2.1 0.7 1.8 1.2 1.5 1.7 2.6 0.8 1.4 2.6 2.1 0.9 2.3 2.4 1.9 2.6 2.4 2.8 0.9 1 1.4 1 2.2 0.4 2.2 0.6 2.9 2.4 1.5 1.4 2 1.7 1 1.9 1 1.9 1.9 0.7 1.6 3.1 2.9 1.2 0.5 2.7 1 2.7 2.3 3.2 0.9 1 0.4 1.3 0.3 2.9 2.6 1.9 0.3 2.8 1.3 2.7 3.2 0.6 2.6 2.5 0.5 3.2 1.6 2.4 0.3 2.5 2.9 0.9 2.1 2.7 2.3 1.1 1.8 0.3 1.9 0.6 0.8 1.7 2.4 2.1 3 1.4 0.6 2 0.7 0.8 0.3 0.4 1.8 2.2
int 108 29 22 28 26 38 38 50 42 37 50 32 35 33 21 46 23 43 50 22 24 36 27 28 43 44 38 38 25 22 23 29 49 46 45 50 42 46 44 34 40 21 34 27 38 30 35 27 29 41 38 23 45 29 27 32 40 39 40 30 26 41 37 33 24 43 33 40 21 42 44 24 22 31 29 34 28 36 39 47 32 25 39 50 33 46 30 46 44 30 38 46 31 23 50 36 50 48 42 48 22 21 39 21 35 37 29 24 41