double 10 (0.56 4.51) (1.66 4.54) (2.85 7.86) (8.97 9.34) (8.32 3.75) (5.84 7.37) (3.33 7.83) (8.56 8.21) (0.43 5.87) (1.7 8.2)
int 10 (17 56) (52 26) (62 14) (47 65) (64 55) (62 79) (21 81) (25 24) (25 29) (57 60)
bool 11 (1 1) (0 1) (1 1) (0 1) (1 0) (0 1) (1 1) (1 0) (0 0) (1 0) (0 0)
bool 11 (1 1) (0 1) (0 0) (0 1) (1 1) (1 1) (0 1) (1 1) (1 1) (1 1) (1 1)
int 12 (78 6) (36 84) (3 35) (21 89) (75 89) (20 73) (85 79) (93 24) (58 66) (40 34) (20 21) (9 25)
char 13 (o o) (t i) (l k) (d h) (e d) (o i) (b m) (i d) (t t) (t q) (b h) (n t) (i e)
int 14 (20 97) (72 11) (17 96) (95 29) (64 83) (67 85) (19 43) (33 4) (1 35) (19 56) (43 87) (1 54) (78 82) (56 23)
int 14 (65 12) (55 7) (26 90) (60 8) (52 20) (58 15) (98 75) (58 65) (69 31) (82 78) (78 69) (1 9) (50 19) (12 34)
int 16 (28 15) (30 99) (90 81) (66 20) (12 56) (35 37) (60 96) (50 97) (64 72) (20 37) (32 33) (87 63) (6 12) (35 64) (91 66) (94 99)
int 16 (31 9) (90 95) (11 76) (6 93) (30 79) (2 85) (95 68) (97 26) (58 6) (4 66) (94 69) (45 2) (70 14) (52 54) (27 65) (51 91)
bool 18 (0 0) (0 0) (1 1) (0 1) (1 0) (0 1) (1 1) (1 1) (1 1) (1 1) (1 1) (0 1) (0 1) (1 1) (0 0) (1 1) (0 0) (1 0)
bool 18 (1 0) (0 0) (1 1) (1 1) (0 1) (1 0) (1 1) (1 1) (0 1) (1 0) (0 1) (1 1) (0 1) (0 1) (0 0) (1 1) (1 1) (0 1)
double 20 (9.33 1.28) (8.22 6.07) (3.62 9.81) (8.12 4.04) (6.65 3.61) (1.33 6.82) (1.83 7.7) (9.47 7.23) (1.84 0.06) (7.09 6.82) (1.45 3.9) (3.84 0.06) (1.07 1.96) (4.97 3.81) (4.85 5.09) (1.25 6.06) (7.22 1.97) (2.56 9.67) (7.36 9.37) (8.87 1.25)
char 21 (t p) (p f) (b d) (i e) (s f) (e p) (g g) (a d) (i k) (t a) (r t) (s r) (r k) (b l) (l i) (c t) (m q) (j q) (e i) (h n) (o r)
bool 21 (1 0) (1 1) (0 0) (0 1) (1 1) (0 1) (1 1) (1 1) (1 0) (0 1) (1 0) (0 1) (0 0) (0 0) (1 1) (0 1) (1 0) (1 0) (0 1) (0 1) (1 1)
bool 21 (1 1) (1 0) (1 1) (1 1) (1 1) (0 1) (1 1) (1 1) (0 0) (0 1) (1 1) (0 0) (0 1) (0 1) (1 0) (0 0) (0 0) (1 0) (1 0) (1 0) (1 1)
bool 22 (1 1) (1 1) (0 0) (1 1) (0 0) (0 1) (1 1) (1 0) (1 1) (1 1) (0 0) (1 1) (0 1) (1 0) (0 0) (0 0) (1 0) (0 0) (0 0) (0 1) (1 0) (1 1)
int 22 (75 21) (36 40) (65 91) (59 62) (70 78) (82 60) (80 81) (62 35) (98 78) (44 30) (32 56) (38 26) (67 63) (18 71) (12 51) (28 43) (59 98) (7 75) (77 40) (2 37) (47 92) (56 86)
int 25 (52 39) (25 51) (67 42) (90 73) (50 31) (66 33) (30 47) (72 74) (32 29) (38 77) (52 76) (24 58) (73 82) (35 66) (2 95) (85 69) (47 23) (51 3) (48 74) (41 6) (6 30) (58 76) (48 66) (43 32) (13 46)
int 26 (7 40) (42 21) (67 61) (23 31) (45 35) (11 81) (12 75) (58 63) (40 98) (51 52) (84 7) (18 94) (18 45) (26 6) (82 6) (29 83) (98 77) (11 45) (98 1) (66 7) (64 51) (20 47) (31 58) (42 94) (59 29) (13 57)
char 26 (g i) (a p) (q r) (l b) (e d) (e d) (d t) (a n) (t h) (f a) (a f) (c k) (d m) (k h) (e d) (c o) (h g) (q m) (g q) (s q) (e t) (o i) (o s) (c g) (c q) (e l)
bool 26 (0 1) (1 1) (1 1) (1 0) (0 1) (0 1) (0 0) (0 1) (0 1) (0 1) (1 1) (1 0) (1 0) (1 0) (1 1) (1 1) (0 0) (0 1) (0 0) (1 0) (0 0) (1 0) (0 1) (0 1) (0 1) (0 0)
double 27 (0.74 4.77) (3.33 4.98) (6.61 3.05) (3.87 3.6) (2.15 4.17) (3.26 1.66) (8.22 3.57) (5.41 2.59) (2.65 9.99) (0.2 6.75) (8.54 8.52) (8.68 7.87) (3.75 1.06) (2.55 1.46) (8.58 0.08) (5.37 0.23) (2.28 9.3) (0.36 4.41) (1.81 3.6) (4.28 1.24) (0.89 6.38) (0.52 0.21) (3.02 3.55) (8.27 6.65) (2.44 8.05) (6.7 5.07) (8.69 8.65)
int 29 (7 36) (43 86) (89 82) (76 58) (76 53) (47 53) (83 24) (44 62) (80 3) (18 39) (73 64) (25 47) (57 48) (82 56) (99 44) (2 24) (3 82) (31 59) (86 19) (64 5) (28 83) (99 72) (34 31) (93 9) (80 3) (91 23) (13 89) (17 53) (64 74)
bool 30 (0 0) (1 0) (1 1) (0 1) (1 1) (0 1) (0 0) (1 0) (1 0) (0 0) (0 0) (1 1) (1 0) (0 1) (1 0) (1 1) (0 1) (1 0) (1 1) (1 1) (1 1) (1 1) (0 0) (1 1) (1 1) (1 1) (1 0) (0 1) (0 1) (1 1)
int 31 (93 97) (74 13) (49 64) (52 47) (37 75) (39 48) (31 22) (27 9) (79 6) (60 24) (44 48) (88 90) (65 94) (54 47) (91 20) (59 46) (53 94) (90 83) (85 57) (21 86) (78 25) (39 21) (90 89) (74 47) (15 12) (78 1) (65 90) (87 4) (25 20) (70 5) (68 75)
double 31 (8.95 3.85) (4.11 3.65) (9.83 3.41) (4.2 0.65) (9.19 1.23) (9.78 4.42) (8.96 9.75) (6.75 5.35) (0.98 4.73) (1.5 7.19) (2.87 5.57) (6.35 7.84) (1.82 4.61) (5.73 2.18) (7.93 4.51) (6.88 3.29) (9.02 2.43) (7.6 1.82) (2.17 7.59) (4.22 6.3) (3.81 5.02) (2.96 2.69) (7.06 9.43) (7.99 2.11) (1.39 3.73) (1.4 5.59) (1.85 3.54) (3.81 0.89) (7.39 8.78) (6.47 8.01) (5 1.17)
int 34 (99 21) (47 79) (81 62) (79 50) (35 9) (40 57) (74 70) (68 51) (33 55) (18 56) (7 47) (94 86) (78 22) (99 57) (92 76) (94 95) (30 9) (63 14) (45 14) (98 43) (83 86) (35 11) (3 82) (83 22) (55 62) (78 26) (71 19) (81 83) (56 33) (10 30) (77 90) (61 46) (97 17) (58 95)
int 34 (96 88) (45 77) (30 24) (36 89) (57 49) (78 4) (5 41) (69 59) (84 72) (48 78) (77 14) (73 30) (19 85) (71 11) (50 31) (66 27) (91 86) (49 29) (91 81) (70 24) (44 9) (20 66) (88 17) (62 66) (2 39) (91 20) (70 96) (85 12) (35 60) (81 71) (20 83) (7 16) (39 81) (83 20)
double 35 (1.11 5.67) (4.14 7.62) (9.17 8.36) (6.91 5.72) (3.97 5.46) (3.02 8.14) (3.96 0.25) (3.49 8.54) (3.34 4.04) (1.43 5.63) (5.86 1.46) (0.65 0.15) (3.65 5.92) (6.14 1.21) (8.7 3.05) (6.69 3.86) (0.1 4.83) (0.24 3.66) (7.06 1.76) (6.52 9.31) (0.28 3.88) (7.59 1.37) (7.73 8.6) (8.96 7.83) (5.83 8.38) (2.23 1.1) (7.76 4.78) (2.63 4.57) (3.8 6.49) (1.97 6.62) (6.27 4.93) (5.2 3.61) (0.08 0.35) (5.81 0.82) (7.35 0.53)
char 35 (j e) (e n) (m t) (l t) (b l) (q d) (m b) (j i) (l a) (d j) (d p) (p e) (i r) (t k) (p b) (l g) (e f) (b b) (r k) (r j) (a t) (k l) (o d) (j e) (e a) (o n) (o p) (g g) (s m) (m g) (t d) (c r) (q s) (j p) (f b)
int 36 (83 13) (67 71) (57 71) (93 92) (51 12) (31 87) (85 29) (92 47) (39 51) (68 21) (73 75) (62 98) (53 1) (75 91) (7 54) (16 26) (38 19) (88 97) (94 93) (15 81) (83 9) (5 18) (17 53) (14 6) (57 63) (4 45) (66 76) (76 2) (92 90) (27 15) (53 51) (1 8) (42 71) (65 91) (97 9) (39 49)
char 36 (l d) (g t) (i o) (i p) (c h) (j e) (j j) (a t) (q g) (c r) (h c) (r q) (d p) (f n) (i p) (h m) (a k) (p i) (e n) (j m) (h g) (s m) (b c) (k o) (t p) (o o) (m n) (j k) (c h) (o l) (g s) (c i) (e s) (g g) (t q) (k g)
int 37 (89 8) (79 6) (50 30) (9 14) (77 38) (1 2) (86 66) (7 4) (87 19) (90 4) (7 40) (12 20) (79 26) (67 21) (95 1) (80 98) (22 72) (10 98) (3 15) (71 58) (72 59) (70 39) (56 86) (42 3) (55 92) (59 61) (19 80) (3 71) (63 76) (32 31) (13 83) (83 95) (38 65) (72 25) (55 94) (35 73) (64 26)
char 38 (d p) (i j) (l h) (j f) (e g) (l p) (e o) (i d) (d g) (e e) (i c) (h l) (t b) (k r) (s i) (e k) (p f) (m s) (i q) (s p) (o p) (d a) (k a) (d g) (b t) (q c) (l f) (f g) (g n) (o b) (b t) (n a) (p f) (h d) (a d) (j d) (l t) (l o)
int 39 (66 74) (33 28) (35 71) (25 11) (15 51) (7 58) (25 58) (39 73) (16 69) (42 12) (71 74) (56 72) (35 75) (89 58) (62 90) (51 25) (32 53) (98 2) (63 79) (65 82) (62 46) (6 39) (32 59) (77 33) (68 41) (57 80) (14 83) (67 56) (86 65) (11 54) (67 43) (23 9) (3 30) (66 66) (76 93) (56 49) (58 27) (52 15) (99 22)
double 39 (1.21 3.81) (4.52 7.88) (6.21 2.72) (0.15 8.81) (8.62 7.84) (4.75 5.58) (2.25 3.25) (0.33 6.45) (6.56 9.88) (2.91 9.91) (9.05 6.22) (1.97 4.11) (7.51 5.35) (8.09 1.87) (5.93 0.33) (6.66 4.51) (0.42 9.22) (7.89 4.93) (4.6 4.85) (8.53 3) (9.53 3.58) (9.86 0.51) (6.53 2.41) (4.46 8.63) (0.7 9.4) (2.34 6.7) (5.76 8.99) (9.23 9.31) (3.52 5.38) (2.25 3.13) (6.25 9.74) (5.62 1.69) (8.02 2.69) (0.97 4.49) (4.15 5.46) (6.04 0.96) (1.46 9.13) (8.02 1.55) (7.71 3.07)
char 40 (h s) (k i) (s f) (n g) (k i) (e f) (p l) (b c) (f p) (t r) (s l) (h o) (l s) (q s) (c q) (t h) (i n) (t c) (f j) (k o) (m p) (m b) (h m) (i i) (t r) (r c) (f i) (r s) (n g) (m h) (g o) (r r) (t h) (c f) (a a) (p g) (p h) (r g) (r q) (e l)
bool 42 (0 1) (1 0) (1 1) (1 0) (0 0) (0 0) (1 0) (0 0) (1 1) (0 1) (1 0) (1 0) (1 0) (1 1) (0 1) (1 0) (1 1) (1 0) (1 1) (0 1) (1 1) (0 0) (0 0) (0 0) (0 1) (0 1) (0 0) (1 1) (0 1) (0 0) (1 1) (0 1) (1 0) (1 0) (0 0) (1 0) (0 1) (0 1) (1 1) (0 0) (1 1) (1 0)
bool 43 (1 1) (0 0) (0 0) (0 0) (0 1) (0 0) (1 0) (1 1) (1 0) (0 0) (0 0) (0 1) (0 1) (1 0) (0 0) (0 1) (1 0) (0 1) (0 1) (0 0) (0 1) (1 1) (0 0) (0 0) (1 1) (1 1) (0 0) (1 1) (1 1) (1 1) (1 0) (0 1) (0 1) (1 0) (0 0) (1 0) (0 0) (1 1) (0 1) (0 0) (1 0) (1 1) (0 1)
int 45 (83 74) (24 79) (3 69) (51 64) (40 71) (43 30) (13 90) (54 64) (25 54) (49 42) (34 89) (94 94) (55 79) (22 18) (83 35) (23 29) (20 44) (47 11) (2 88) (36 30) (88 54) (93 39) (22 89) (70 5) (62 55) (48 65) (9 1) (28 91) (84 45) (68 67) (21 54) (74 71) (35 22) (68 42) (33 72) (55 85) (80 66) (16 18) (44 27) (88 64) (34 9) (80 8) (88 99) (36 48) (80 33)
int 47 (93 76) (58 71) (25 71) (6 79) (27 98) (93 97) (81 8) (16 98) (72 97) (84 53) (43 90) (87 23) (69 89) (52 19) (45 22) (21 7) (64 71) (37 30) (90 8) (1 74) (38 30) (5 51) (50 61) (5 6) (88 19) (18 6) (72 43) (80 41) (2 12) (96 22) (73 7) (25 82) (45 58) (67 58) (23 6) (44 25) (32 7) (49 95) (45 86) (92 9) (64 21) (48 92) (37 37) (35 59) (65 62) (7 31) (44 48)
int 48 (28 44) (81 63) (27 66) (66 42) (23 9) (58 16) (28 61) (41 24) (52 48) (45 20) (65 80) (57 92) (31 95) (79 94) (14 60) (61 83) (62 22) (3 55) (10 57) (15 92) (83 37) (61 27) (23 1) (26 81) (5 8) (11 3) (30 48) (67 69) (90 46) (40 39) (32 40) (1 85) (11 38) (3 16) (62 69) (65 87) (83 4) (29 53) (67 86) (67 18) (35 8) (75 55) (39 14) (53 19) (19 71) (38 44) (54 84) (49 86)
int 49 (48 47) (70 23) (43 18) (89 47) (47 87) (79 18) (8 8) (17 57) (99 91) (24 51) (70 61) (68 53) (2 9) (63 38) (92 85) (48 62) (33 21) (65 84) (62 67) (86 75) (33 43) (74 35) (62 44) (86 18) (39 6) (19 70) (83 17) (90 36) (41 3) (47 95) (27 54) (98 58) (56 64) (20 62) (33 72) (8 77) (5 37) (68 73) (96 77) (41 23) (25 3) (2 17) (54 50) (87 80) (45 19) (64 99) (37 37) (8 31) (1 86)
bool 49 (1 0) (1 0) (0 0) (1 1) (1 1) (1 0) (0 0) (0 0) (1 0) (0 1) (1 1) (0 1) (0 0) (0 0) (0 0) (1 1) (0 0) (0 0) (1 1) (1 0) (0 1) (1 0) (1 0) (0 0) (1 1) (1 0) (1 0) (0 0) (0 1) (0 0) (0 0) (1 1) (0 1) (1 1) (1 1) (1 1) (0 0) (0 0) (0 1) (1 0) (1 1) (0 1) (1 1) (0 0) (1 0) (1 0) (1 1) (1 0) (1 0)
double 50 (8.07 5.55) (2.08 5.5) (6.21 2.53) (6.37 7.84) (3.74 9.02) (5.8 7.24) (3.19 1.08) (4.47 2.35) (7.3 2.99) (4.28 6.25) (0.47 3.16) (5.81 9.07) (0.36 6.35) (5.16 4.66) (6.04 2.41) (8.86 3.16) (8.91 8.83) (8.28 3.91) (4.01 8.08) (6.81 3.37) (1.02 5.6) (6.36 1.62) (5.66 1.2) (4.49 3.73) (0.73 0.64) (8.33 4.41) (0.27 3.62) (8.83 0.68) (5.63 1.03) (0.61 0.46) (6.12 3.09) (5.29 3.92) (4.19 3.26) (3.93 1.75) (1.06 9.25) (0.1 6.12) (9.32 2.59) (9.66 6.07) (5.63 3.3) (1.45 4.97) (2.16 5.42) (6.58 0.02) (0.39 5.12) (9.78 6.16) (2.34 8) (0.14 8.14) (7.62 4.81) (7.68 7.47) (3.34 4.67) (1.97 2.23)
char 52 (o e) (m q) (s t) (o r) (k a) (a t) (b f) (i f) (n d) (q f) (e b) (t o) (t m) (p k) (s r) (i g) (d j) (p s) (r e) (l r) (m i) (q l) (q c) (b t) (t b) (h s) (m r) (c h) (a k) (h t) (h t) (f t) (f b) (n i) (d b) (l q) (b d) (q n) (l b) (f s) (g e) (b o) (l f) (e r) (f l) (f c) (q d) (r q) (r h) (m i) (t m) (l n)
double 52 (3.7 9.86) (0.23 9.54) (6.82 3.8) (9.43 4.3) (8.23 8.63) (0.9 9.91) (8.55 8.06) (2.67 5.63) (0.83 2.91) (5.03 6.19) (5.01 6.76) (1.9 4.03) (9.42 2.99) (0.22 6.47) (0.22 8.4) (5.71 3.38) (0.16 9.43) (4.26 0.97) (8.58 6.31) (8.5 9.93) (2.05 9.56) (1.74 2.43) (7.57 7.04) (7.38 6) (0.27 4.05) (0.15 7.69) (3.9 9.82) (4.1 4.13) (4.11 9.21) (4.72 0.13) (4.44 5.88) (4.65 6.35) (7.1 8.41) (3.42 5.61) (8.58 2.77) (6.74 8.67) (3.43 3.32) (0.22 6.99) (1.73 9.88) (5.63 5.11) (9.11 7.42) (6.83 0.87) (6.32 3.13) (2.12 3.39) (2.8 5.6) (7.28 4.94) (1.92 4.55) (4 5.45) (2.55 7.8) (2.33 6.3) (6.09 8.87) (8.04 7.19)
char 52 (m g) (a q) (r l) (e c) (a d) (r h) (d b) (r i) (d k) (p o) (d r) (c c) (k p) (e p) (c l) (b a) (c c) (r l) (s j) (e e) (m q) (r r) (c m) (d s) (n n) (h b) (n h) (f m) (r q) (d s) (s o) (p o) (j b) (i j) (h i) (s b) (o f) (s k) (m a) (l i) (q j) (r t) (m l) (c f) (n s) (n k) (f h) (i k) (d h) (f j) (p i) (h j)
int 53 (2 32) (5 98) (46 68) (59 67) (53 92) (77 99) (61 2) (82 45) (54 60) (87 49) (29 22) (31 3) (64 25) (65 41) (61 49) (28 17) (61 35) (59 29) (51 41) (60 99) (66 39) (30 38) (13 22) (85 16) (13 36) (44 65) (77 29) (69 22) (12 56) (64 77) (57 52) (30 55) (6 87) (92 78) (83 35) (61 19) (88 56) (8 47) (86 19) (64 81) (47 96) (46 84) (87 50) (97 38) (42 3) (77 78) (79 58) (80 68) (55 6) (11 12) (3 55) (38 27) (55 39)
int 55 (83 55) (43 80) (71 82) (55 28) (93 13) (15 43) (19 61) (35 40) (90 7) (14 49) (47 63) (44 90) (39 99) (82 26) (36 9) (26 14) (46 64) (59 6) (94 11) (51 20) (56 22) (57 33) (19 88) (80 11) (42 22) (3 70) (87 46) (15 15) (68 10) (76 10) (33 22) (16 40) (37 88) (49 27) (80 20) (99 53) (57 25) (62 51) (4 99) (25 66) (92 47) (52 94) (79 78) (98 70) (96 28) (6 40) (91 97) (60 9) (90 11) (42 73) (48 4) (80 92) (8 59) (25 1) (77 60)
bool 56 (0 0) (1 1) (0 1) (1 1) (1 0) (1 1) (0 0) (1 0) (1 1) (1 0) (1 0) (0 1) (0 0) (1 1) (1 1) (0 1) (0 0) (0 1) (0 1) (1 0) (0 1) (0 0) (1 0) (0 1) (0 0) (0 1) (1 1) (0 0) (1 0) (1 1) (0 0) (0 0) (0 1) (1 1) (1 1) (1 1) (1 1) (0 1) (0 0) (1 1) (1 0) (1 0) (1 1) (1 1) (1 0) (0 1) (0 1) (0 1) (1 0) (1 0) (0 1) (1 0) (1 0) (1 0) (0 0) (1 1)
double 57 (2.91 9.79) (3.1 9.06) (2.83 9.78) (2.8 7.55) (0.14 6.71) (9.43 5.82) (4.97 5.77) (2.73 4.49) (8.78 4.85) (6.41 7.72) (6.95 4.8) (0.81 3.95) (1.55 9.84) (6.38 7.05) (7.24 7.13) (5 9.3) (7.01 7.78) (0.76 7.78) (1.26 5.13) (7.38 9.59) (5.94 3.98) (9.29 7.47) (3.81 6.46) (0.6 2.19) (3.45 4.68) (4.85 6.75) (2.26 4.92) (2.78 2.27) (6.18 0.6) (1.31 0.62) (9.36 4.05) (1.65 1.57) (8.63 5.81) (5.1 8.77) (9.29 6.6) (6.97 3.11) (9.74 1.21) (3.46 4.98) (2.71 7.44) (7.06 7.88) (0.57 0.97) (4.57 5.63) (9.84 8.27) (5.66 4.1) (6.36 4.32) (4.01 3.36) (3.98 5.3) (2.11 1.99) (2.39 0.78) (4.6 5.85) (7.11 0.89) (6.73 2.45) (7.62 7.34) (1.56 0.89) (2.52 1.27) (3.96 2.24) (4.66 6.57)
double 58 (8.27 1.15) (8.22 2.01) (1.46 1.65) (3.34 0.31) (7.16 4.54) (3.57 3.41) (7.92 8.64) (0.08 5.26) (7.22 0.25) (5.01 5.23) (2.04 4.1) (3.45 8.09) (4.01 7.84) (8.59 7.52) (5.42 7.52) (3.72 9.98) (7.37 4.96) (7.83 7.94) (1.78 5.14) (4.4 4.29) (3.53 2.84) (5.64 8.6) (1.23 6.86) (3.67 8.97) (3.83 3.93) (5.29 4.5) (1.02 7.3) (8.97 1.16) (9.96 4.58) (1.26 9.93) (9.4 5.05) (1.91 2.7) (9.42 5.1) (6.92 2.81) (2.03 2.9) (0.46 9.65) (5.11 8.1) (9.01 3.56) (9.2 2.29) (0.31 4.66) (2.52 8.51) (1.37 8.08) (3.23 4.72) (5.18 0.93) (0.76 2.44) (2.52 0.35) (8.03 5.93) (3.72 3.78) (9.42 5.13) (1.13 3.43) (1.9 5.69) (5.17 3.37) (7.96 2.88) (9.46 1.19) (2.89 8.36) (5.65 5.22) (0.3 8.3) (0.57 4.37)
int 60 (47 57) (56 73) (8 11) (58 3) (64 73) (1 72) (49 76) (63 39) (26 95) (78 42) (46 91) (84 12) (79 47) (93 85) (17 94) (15 80) (87 51) (73 60) (54 85) (75 31) (89 34) (12 19) (47 27) (92 50) (11 43) (10 10) (29 85) (68 79) (7 1) (75 68) (36 19) (17 5) (39 64) (18 88) (72 4) (39 50) (6 26) (86 94) (37 45) (73 43) (93 49) (58 70) (40 15) (71 72) (82 64) (83 74) (19 22) (52 24) (11 21) (10 72) (88 41) (65 2) (62 85) (33 33) (57 45) (40 68) (10 80) (72 64) (64 15) (12 90)
bool 61 (0 0) (1 0) (0 0) (1 0) (0 1) (0 1) (0 1) (1 1) (0 1) (0 1) (0 1) (1 1) (1 1) (1 0) (0 0) (1 1) (0 1) (0 1) (1 0) (1 0) (0 1) (0 0) (1 1) (1 1) (1 1) (1 1) (1 1) (0 1) (1 1) (1 1) (0 0) (0 0) (0 0) (0 1) (0 0) (0 1) (0 0) (0 1) (1 1) (1 1) (1 1) (1 0) (0 1) (1 1) (1 0) (0 1) (0 0) (0 0) (1 0) (1 1) (1 0) (0 1) (0 1) (0 1) (0 1) (1 0) (1 0) (1 1) (0 0) (1 1) (0 0)
double 63 (6.58 9.51) (0.69 4.53) (7.25 7.82) (7.37 3.64) (8.34 4.84) (4.57 2.06) (2.58 1.67) (4.05 5.34) (1.86 0.31) (9.68 4.46) (6.27 8.11) (7.23 0.46) (6.03 7.9) (4.32 8.02) (7.9 7.02) (8.24 5.71) (3.8 9.52) (6.82 9.75) (3.16 7.14) (0.63 0.12) (5.72 9.67) (2.04 1.99) (6.46 8.45) (9.87 8.25) (9.84 7.25) (2.77 4.76) (2.48 9.89) (8.35 9.47) (4.9 2.85) (4.8 5.29) (5.44 9.02) (7.44 6.94) (5.86 5.03) (3.43 1.42) (4.72 9.7) (7.06 8.67) (6.24 3.82) (7.66 8.14) (3.96 8.25) (2.14 8.21) (5.42 4.79) (6.4 6.06) (4.89 8.16) (9.62 1.11) (2.93 3.85) (8.28 6.96) (5.09 1.09) (0.1 8.24) (8.78 5.32) (6.86 5.32) (2.88 2.93) (6.49 9.65) (3.95 1.69) (0.44 0.59) (9.43 1.92) (7.72 8.18) (7.47 2.94) (9.28 9.71) (1.15 9.73) (2.86 4.9) (0.64 0.96) (8.42 9.16) (4.35 1.98)
int 64 (50 24) (28 97) (22 22) (4 53) (49 86) (2 78) (24 59) (64 91) (42 86) (39 45) (74 34) (6 60) (74 3) (55 3) (72 81) (79 52) (85 22) (99 90) (48 92) (16 70) (30 20) (90 49) (48 71) (62 28) (53 37) (65 69) (12 18) (51 77) (94 15) (88 81) (97 36) (82 91) (58 39) (33 13) (22 39) (49 28) (5 10) (29 26) (97 74) (78 74) (94 20) (3 18) (23 79) (42 37) (79 65) (67 96) (58 89) (71 7) (15 66) (8 31) (82 69) (45 56) (38 37) (28 32) (11 5) (65 73) (61 62) (26 53) (10 78) (41 98) (13 34) (87 14) (4 5) (30 1)
int 64 (25 74) (68 81) (48 60) (14 63) (87 47) (66 51) (83 91) (24 15) (38 97) (56 70) (52 90) (81 37) (35 60) (76 95) (57 94) (91 97) (20 63) (33 19) (10 64) (4 51) (77 19) (74 33) (19 5) (35 10) (85 41) (17 10) (46 92) (18 58) (25 37) (79 28) (1 67) (66 21) (62 27) (65 27) (48 88) (10 5) (72 64) (97 74) (85 89) (57 37) (24 38) (25 55) (13 1) (59 11) (99 86) (66 58) (37 67) (89 75) (35 27) (1 92) (12 53) (74 74) (21 36) (45 12) (85 61) (27 26) (11 67) (50 65) (27 15) (62 83) (60 22) (48 75) (21 88) (56 8)
int 67 (67 8) (99 37) (57 68) (21 60) (4 33) (37 84) (66 32) (54 95) (56 54) (73 57) (3 75) (25 19) (20 98) (2 54) (91 66) (69 55) (74 25) (53 23) (37 19) (13 91) (59 49) (75 53) (89 50) (66 54) (48 18) (54 95) (12 89) (25 87) (72 94) (92 4) (26 32) (73 24) (54 50) (23 88) (24 97) (93 11) (56 34) (50 30) (82 42) (87 89) (19 25) (33 72) (23 68) (14 71) (25 63) (68 9) (33 54) (5 77) (67 60) (6 80) (44 15) (7 47) (24 60) (39 7) (77 98) (80 9) (15 45) (89 84) (91 73) (63 80) (83 54) (90 15) (84 61) (32 77) (25 2) (97 50) (27 70)
bool 67 (0 1) (0 1) (1 1) (0 0) (1 0) (1 0) (0 1) (1 1) (1 0) (1 1) (0 1) (1 0) (1 1) (0 0) (0 0) (1 0) (0 0) (0 0) (0 1) (1 1) (0 0) (0 0) (1 1) (0 0) (1 0) (1 0) (1 1) (1 1) (0 1) (0 0) (0 1) (1 1) (1 0) (1 0) (1 0) (1 1) (1 0) (0 1) (0 1) (0 0) (1 1) (1 1) (0 1) (0 0) (1 0) (1 1) (0 0) (0 1) (1 0) (1 1) (0 1) (0 0) (1 1) (1 1) (1 0) (0 0) (1 1) (0 0) (1 1) (1 1) (0 1) (1 1) (1 0) (1 0) (1 0) (0 1) (0 1)
double 68 (4.77 8.84) (1.46 0.75) (9.32 8.82) (2.93 8.9) (1.3 5.79) (2.28 4.44) (9.41 1.49) (7.59 1.33) (1.53 2.92) (5.38 6.62) (5.36 9.34) (9.46 8.75) (7.22 8.18) (4.14 8.11) (2.92 8.31) (6.14 7.08) (2.55 2.93) (8.78 8.93) (3.9 0.6) (6.81 4) (4.88 7.02) (0.5 4.48) (6.9 5.93) (1.23 5.16) (3.27 9.55) (3.9 0.8) (5.18 3.99) (1.76 7.33) (6.85 6.42) (1.78 3.8) (1.47 3.96) (1.67 7.84) (9.89 5.2) (2.04 7.74) (6.72 0.92) (0.57 7.02) (2.86 5.19) (2.81 2.51) (4.74 2.95) (0.8 5.24) (1.52 0.93) (5.82 6.3) (7.17 7.61) (2.51 1.82) (1.2 0.54) (2.63 6.67) (4.24 7.2) (4.37 6.68) (9.68 8.39) (1.25 5.5) (2.46 4.39) (1.22 3.85) (3.64 1.04) (3.23 5.72) (8.91 5.37) (5.01 5.41) (7.8 6.6) (9.25 7.99) (6.48 6.44) (0.06 1.02) (9.53 8.86) (1.04 2.31) (8.08 7.62) (7.39 9.07) (4.57 9.44) (1.53 3.13) (9.03 0.07) (2.38 3.09)
char 70 (g t) (c p) (n t) (b n) (t j) (m g) (e m) (t o) (n g) (e a) (b j) (s n) (d h) (a b) (g i) (k h) (l o) (f a) (b q) (r m) (b b) (n q) (t n) (n k) (q a) (p s) (e i) (k o) (s q) (c m) (g b) (n a) (t l) (k o) (r o) (a b) (r l) (p l) (j r) (q d) (a k) (p a) (f j) (e f) (p i) (s d) (j i) (h j) (k f) (f q) (h m) (q h) (n e) (p k) (t d) (k s) (k t) (r a) (c q) (c m) (d j) (g r) (l s) (k i) (d o) (a s) (l p) (j j) (l g) (n t)
char 73 (m h) (k f) (m d) (s a) (e j) (j j) (o t) (s l) (m m) (n i) (f n) (r b) (k r) (p a) (s o) (l d) (e i) (q j) (l k) (m k) (t m) (f t) (s p) (m m) (n e) (t b) (i d) (d o) (r f) (d m) (i i) (r k) (j f) (g h) (j s) (t p) (p h) (p q) (k k) (g j) (n l) (i i) (g e) (b d) (b a) (j h) (i f) (s b) (t e) (j t) (k p) (c p) (m l) (n h) (l b) (l f) (k o) (l m) (r k) (n g) (s q) (e k) (m p) (s n) (p f) (c t) (i q) (p t) (k o) (i o) (p e) (j r) (g k)
double 74 (0.91 9.25) (0.17 5.03) (9.18 0.32) (2.33 2.2) (9.46 7.12) (0.19 9.35) (1.95 4.72) (7.37 8.52) (5.13 4.95) (1.86 7.23) (3.61 0.7) (7.34 6.36) (7.5 8.51) (6.71 5.14) (3.54 1.97) (9.8 5.32) (8.32 8.56) (2.16 4.89) (8.18 4.57) (0.94 1.61) (7.69 1.25) (0.42 0.93) (5.92 5.62) (5.53 9.86) (2.66 7.21) (6.81 7.39) (0.7 0.88) (6.13 2.6) (2.73 1.95) (2.54 3.94) (8.39 3.07) (3.76 9.48) (0.01 3.36) (4.21 9.44) (3.62 5.85) (8.78 4.76) (5.97 6.57) (5.09 5.77) (9.87 9.56) (3.75 3.93) (0.65 3.88) (6.12 8.24) (9.93 2.68) (5.33 0.81) (0.31 2.32) (3.82 9.61) (2.5 9.19) (8.23 8.47) (3.98 9.52) (6.94 1.73) (3.48 3.79) (8.79 2.94) (6.53 8.85) (7.4 2.71) (4.02 3.33) (9.39 3.87) (9.68 2.41) (3.21 2.74) (8.46 1.64) (5.36 7.31) (9.37 8.91) (2.52 1.3) (6.09 0.36) (9.35 8.24) (7.66 3.89) (8.33 7.33) (0.4 9.54) (7.89 0.62) (4.08 2.85) (3.9 5.39) (0.52 5.44) (9.76 1.07) (8.92 4.11) (1.84 3.18)
double 74 (7.28 0.12) (8.75 0.41) (2.35 1.14) (5.13 6.68) (3.67 7.49) (6.26 6.25) (4.9 7.22) (1.12 8.86) (4.83 4.95) (8.43 1.47) (6.85 4.62) (4.31 3.74) (0.17 2.01) (4.71 6.87) (5.91 7.5) (0.54 3.98) (9.74 2.14) (6.83 4.79) (9.63 4.02) (6.31 7.63) (7.88 8.83) (6.73 5.08) (3.9 6.82) (5.71 3.24) (7.01 5.08) (2.24 4.73) (1.59 2.07) (9.88 7.18) (3.69 9.66) (5.65 4.8) (3.58 9.27) (8.07 8.55) (4.88 3.01) (7.07 7.1) (8.88 0.24) (1.19 0.72) (1.06 7.79) (6.74 0.78) (9.98 7.47) (1.41 9.23) (6.53 1.4) (0.36 0.91) (0.09 1.45) (8.15 7.24) (8.59 1.22) (5.65 0.54) (5.77 7.16) (1.57 1.31) (9.6 8.87) (4.8 0.13) (0.32 8.83) (3.98 7.17) (3.4 7.19) (6.61 2.83) (1.38 1.76) (1.52 7.36) (9.29 6.33) (2.79 9.54) (6.36 8.41) (5.04 0.82) (7.82 5.88) (2.19 2.95) (4.4 1.81) (1.33 9.09) (6.03 2.93) (2.83 8.84) (7.76 9.05) (1.91 4.19) (0.94 5.31) (2.3 8.95) (2.24 6.49) (8.88 0.63) (4.88 8.32) (1.42 8.6)
bool 75 (1 1) (0 0) (0 0) (1 0) (0 1) (1 0) (0 0) (1 0) (1 0) (1 1) (0 0) (0 0) (0 0) (1 0) (1 0) (0 1) (0 0) (1 1) (0 0) (1 1) (0 0) (1 1) (0 0) (0 1) (0 1) (0 1) (0 1) (0 1) (0 1) (1 1) (0 0) (1 1) (0 0) (0 1) (0 0) (1 0) (1 1) (0 0) (0 0) (0 0) (1 1) (0 0) (1 1) (0 1) (1 0) (0 0) (0 0) (0 1) (0 1) (0 0) (1 1) (0 1) (0 1) (0 1) (1 0) (0 0) (0 0) (1 1) (0 0) (0 0) (1 0) (0 0) (0 1) (0 1) (1 1) (1 1) (0 1) (1 1) (0 1) (0 1) (0 1) (0 0) (1 0) (1 1) (1 1)
int 77 (81 9) (16 51) (10 51) (22 42) (81 46) (66 82) (71 56) (21 41) (50 81) (75 55) (63 62) (35 75) (47 73) (31 24) (71 33) (20 95) (85 23) (41 24) (50 94) (15 94) (73 20) (21 7) (67 34) (72 11) (33 49) (69 36) (43 98) (15 69) (17 27) (20 65) (51 3) (16 58) (50 62) (49 50) (97 7) (38 18) (57 67) (92 27) (58 46) (9 88) (49 66) (63 86) (65 4) (22 76) (10 37) (67 39) (75 4) (18 30) (89 55) (47 46) (11 13) (29 89) (57 87) (12 73) (85 38) (94 2) (90 91) (89 36) (94 75) (75 46) (52 68) (70 71) (86 26) (38 96) (36 98) (74 39) (96 26) (56 95) (58 98) (24 82) (3 89) (29 23) (11 15) (27 64) (26 32) (27 16) (35 40)
int 79 (45 95) (28 48) (95 12) (97 98) (70 32) (60 96) (18 28) (2 10) (46 81) (72 45) (32 18) (17 64) (46 24) (59 26) (61 32) (12 35) (95 91) (28 72) (60 20) (23 3) (24 38) (71 67) (67 5) (1 50) (15 50) (64 11) (59 21) (86 51) (93 59) (7 62) (65 56) (10 63) (74 30) (8 75) (36 99) (12 52) (34 26) (98 22) (43 19) (54 82) (63 76) (94 35) (45 53) (96 5) (64 35) (47 31) (19 9) (38 47) (16 43) (97 31) (37 58) (45 19) (17 81) (15 69) (42 44) (95 22) (48 69) (12 57) (43 39) (45 30) (52 97) (13 93) (10 69) (45 56) (41 41) (9 80) (35 6) (46 76) (61 6) (86 62) (79 11) (92 13) (85 82) (4 9) (49 45) (98 75) (64 97) (28 83) (14 88)
bool 80 (0 0) (1 1) (1 1) (1 1) (1 0) (1 0) (1 0) (0 1) (0 0) (0 0) (0 0) (1 1) (1 0) (1 0) (1 0) (0 0) (1 0) (0 0) (0 0) (0 0) (0 0) (0 1) (1 1) (0 0) (1 0) (1 1) (0 1) (1 0) (1 1) (0 1) (1 0) (1 0) (1 0) (0 0) (0 0) (1 0) (1 1) (0 0) (0 0) (0 0) (1 1) (1 0) (1 0) (1 1) (1 1) (1 1) (0 0) (0 0) (0 0) (0 1) (0 1) (1 1) (1 1) (0 0) (0 1) (0 0) (1 1) (0 1) (0 1) (0 1) (1 1) (0 1) (0 0) (1 1) (0 0) (1 0) (0 0) (1 1) (1 0) (0 0) (0 1) (1 0) (0 1) (0 0) (0 0) (0 1) (1 1) (0 1) (0 0) (0 1)
bool 80 (0 0) (1 1) (0 0) (1 1) (1 1) (1 0) (1 1) (0 1) (0 1) (1 0) (0 0) (1 1) (0 0) (1 0) (0 1) (1 1) (1 1) (0 1) (1 0) (0 0) (1 0) (0 0) (1 0) (0 1) (0 1) (1 1) (0 1) (0 1) (0 1) (0 1) (1 0) (0 1) (0 1) (0 0) (1 0) (0 1) (1 1) (1 1) (0 0) (1 1) (1 0) (0 1) (1 1) (0 1) (0 0) (0 0) (1 0) (1 0) (1 0) (0 1) (0 1) (0 1) (1 0) (1 1) (0 1) (1 0) (0 0) (0 0) (0 1) (0 1) (0 1) (1 0) (0 0) (1 1) (1 0) (0 0) (1 0) (1 1) (1 1) (1 1) (0 1) (0 1) (0 0) (1 0) (0 0) (0 0) (1 0) (0 0) (1 0) (1 1)
double 80 (0.87 2.05) (4.62 4.98) (6.43 2.92) (9.65 4.51) (4.47 0.99) (4.32 6.06) (5.75 9.78) (1.79 7.75) (6.78 1.11) (6.49 5.75) (6.92 4.89) (6.11 2.25) (7.32 8.15) (9.4 3.12) (1.3 0.31) (7.77 0.52) (3.75 1.8) (1.05 6.69) (1.57 8.69) (1.45 1.99) (5.93 8.77) (2.2 6.42) (2.85 1.03) (0.05 8.33) (6.98 9.62) (7.63 1.49) (9.88 1.46) (0.11 8.71) (0.16 5.8) (1.54 5.07) (4.64 0.72) (1.4 6.97) (8.38 7.73) (0.69 7.92) (0.86 1.12) (9.06 9.72) (5.24 6.67) (6.34 3.83) (6.07 8.6) (8.2 2.23) (8.52 0.61) (3.16 6.69) (3.66 0.33) (9.4 7.4) (3.04 3.38) (9.5 7.01) (2.01 8.52) (5.79 7.8) (3.87 5.87) (5.41 8.94) (7.39 5.57) (5.05 9.68) (9.31 0.24) (9.09 4.09) (6.66 2.34) (8.99 5.85) (5.65 3.45) (3.71 3.44) (6.91 3.63) (0.36 5.05) (0.98 0.53) (1.74 5.4) (6.62 2.09) (9.32 6.51) (5.21 7.37) (9.08 7.87) (8.46 9.79) (0.1 9.22) (9.52 1.14) (9.36 3.48) (7.46 7.65) (0.07 0.66) (0.3 9.32) (4.03 6.84) (5.28 0.21) (4.55 6.55) (4.27 2.25) (6.5 5.39) (6.71 9.27) (3.54 3.19)
bool 80 (1 0) (0 0) (0 1) (0 0) (0 0) (0 1) (1 1) (1 0) (1 0) (0 1) (1 0) (0 1) (1 1) (0 0) (1 0) (1 0) (0 1) (0 0) (1 0) (0 0) (0 1) (1 0) (1 0) (1 0) (1 0) (1 1) (0 0) (0 1) (1 0) (0 0) (1 1) (1 1) (1 0) (1 0) (0 1) (0 0) (0 1) (1 0) (1 1) (0 0) (0 1) (0 1) (1 1) (1 1) (1 0) (0 0) (1 1) (0 1) (1 0) (1 1) (1 1) (0 0) (1 0) (1 0) (0 0) (1 1) (0 0) (0 1) (0 0) (0 1) (0 1) (1 1) (0 1) (1 0) (0 1) (0 1) (1 0) (0 0) (0 1) (1 0) (0 1) (1 0) (0 1) (0 0) (0 1) (1 0) (0 0) (1 0) (1 0) (1 1)
bool 82 (0 0) (1 1) (0 1) (1 0) (1 0) (1 0) (1 0) (0 1) (1 0) (0 0) (1 0) (1 0) (1 1) (1 0) (1 1) (0 0) (1 1) (1 1) (1 0) (0 0) (0 0) (0 0) (0 1) (1 1) (0 0) (0 1) (0 1) (1 1) (0 0) (0 1) (1 0) (1 1) (0 1) (1 1) (1 0) (0 0) (1 0) (0 1) (1 0) (0 0) (0 1) (0 0) (1 1) (0 1) (1 0) (1 1) (0 1) (1 0) (1 1) (0 0) (1 0) (0 1) (0 1) (1 0) (0 1) (1 0) (1 1) (1 0) (1 1) (0 1) (1 0) (0 0) (1 0) (1 0) (1 1) (0 1) (1 0) (0 1) (1 0) (1 1) (0 0) (1 0) (1 0) (0 1) (1 1) (0 0) (0 0) (0 1) (0 0) (1 0) (1 1) (0 1)
int 82 (6 22) (90 69) (81 83) (44 15) (23 85) (88 31) (72 24) (13 76) (84 29) (13 62) (80 86) (81 33) (5 80) (96 24) (31 43) (97 58) (7 96) (43 12) (51 82) (9 65) (68 49) (75 31) (96 62) (35 98) (68 36) (2 15) (72 99) (14 9) (78 4) (43 7) (80 1) (11 7) (22 85) (57 50) (21 83) (54 89) (76 95) (98 24) (32 46) (9 18) (29 14) (38 26) (70 53) (31 9) (16 14) (27 19) (5 42) (61 13) (25 41) (77 47) (8 89) (39 99) (77 24) (61 21) (5 3) (33 5) (40 73) (98 90) (88 39) (95 12) (65 78) (63 49) (68 59) (6 75) (17 21) (31 51) (5 25) (42 80) (3 74) (58 18) (83 28) (5 8) (15 55) (51 58) (1 56) (22 70) (25 64) (14 8) (45 86) (79 82) (96 88) (54 40)
bool 83 (1 1) (1 1) (1 1) (0 1) (0 0) (1 1) (0 1) (0 1) (1 0) (1 1) (0 1) (1 0) (0 0) (0 0) (1 1) (0 0) (1 1) (1 0) (1 0) (1 0) (0 1) (1 1) (1 0) (1 1) (1 1) (1 1) (1 1) (1 1) (0 1) (1 1) (1 1) (0 0) (0 1) (1 0) (0 1) (1 1) (1 1) (0 1) (1 0) (1 1) (1 0) (0 1) (1 0) (1 1) (0 0) (1 1) (1 1) (1 1) (1 0) (0 1) (0 1) (0 1) (0 1) (1 1) (0 0) (1 0) (0 1) (1 0) (1 1) (0 1) (1 1) (0 0) (0 0) (1 1) (1 0) (0 0) (0 0) (0 1) (0 0) (0 0) (1 1) (0 0) (1 1) (0 0) (0 0) (1 0) (1 1) (0 1) (0 1) (1 1) (0 1) (1 1) (1 1)
int 85 (7 92) (76 86) (15 30) (56 87) (52 38) (32 13) (2 49) (61 34) (81 94) (25 15) (73 89) (90 88) (15 8) (62 2) (69 61) (33 59) (98 78) (5 73) (79 66) (48 82) (80 39) (45 20) (77 98) (47 40) (16 49) (34 17) (36 50) (94 13) (12 20) (39 36) (20 85) (5 68) (78 46) (64 25) (65 56) (93 59) (66 86) (16 73) (59 34) (61 99) (68 17) (32 66) (98 70) (27 46) (47 49) (82 63) (73 33) (36 28) (15 46) (54 98) (63 83) (37 55) (14 19) (16 67) (5 20) (68 98) (27 44) (12 80) (57 9) (11 58) (15 22) (32 6) (67 90) (66 18) (81 90) (86 93) (31 60) (14 70) (55 57) (54 79) (61 60) (14 8) (37 12) (12 25) (15 86) (92 46) (90 13) (17 14) (9 52) (35 20) (84 64) (2 11) (38 37) (76 28) (72 55)
int 86 (8 11) (60 54) (63 18) (89 9) (86 79) (78 68) (26 59) (98 21) (24 47) (9 80) (30 11) (34 76) (72 26) (94 31) (61 42) (56 30) (27 69) (80 30) (6 43) (40 88) (94 14) (44 84) (47 60) (58 53) (61 31) (33 68) (60 14) (84 81) (10 67) (1 82) (90 97) (46 85) (46 26) (23 67) (87 39) (89 7) (89 94) (71 76) (14 96) (3 51) (71 37) (99 67) (94 39) (11 73) (60 36) (97 93) (87 75) (57 49) (10 84) (23 80) (70 82) (24 52) (72 88) (45 79) (2 81) (73 22) (41 21) (27 39) (24 13) (37 41) (59 55) (31 16) (3 66) (9 59) (56 76) (99 74) (98 77) (78 36) (70 89) (49 49) (44 94) (50 62) (89 15) (46 68) (58 12) (33 2) (50 23) (20 20) (56 31) (95 75) (98 49) (27 88) (98 2) (14 53) (78 62) (47 45)
double 86 (5.62 3.26) (1.87 1.36) (5.55 5.85) (9.69 3.57) (6.42 0.82) (8.93 4.97) (2.53 4.63) (1.85 0.71) (1.35 6.02) (3.27 5.72) (7.81 7.86) (1.79 3.7) (9.92 3.45) (0.37 4.26) (7.17 8.74) (4.94 3.24) (2.48 4.68) (5.56 9.37) (3.06 3.02) (2.35 6.6) (3.63 6.53) (3.6 5.87) (3.1 1) (8.66 1.12) (4.19 8.08) (5.94 4.71) (7.51 5.01) (4.08 7.26) (1.87 6.45) (2.08 8.06) (8.99 0.5) (9.42 9.16) (2.27 2.62) (6.05 6) (5.79 8.86) (6.67 1.93) (7.97 7.06) (7.88 7.96) (0.92 9.78) (2.35 2.17) (6.9 9.26) (9.49 5.29) (9.35 1.78) (7.39 0.61) (0.13 2.37) (0.28 8.38) (3.1 4.63) (1.71 2.24) (2.04 6.35) (6.31 3.51) (3.22 6.08) (7.58 7.81) (3.67 6.08) (3.77 5.74) (9.01 1.46) (4.23 9.4) (3.19 7.58) (8.05 6.86) (0.15 2.44) (0.71 1.65) (8.92 5.19) (2.18 9.5) (1.87 3.63) (8.93 6.02) (9.26 3.37) (8.39 4.68) (4.06 6.91) (2.22 1.94) (7.89 2.04) (8.83 3.75) (1.56 6.99) (1.44 7.99) (0.62 2.67) (5.48 0.76) (7.97 1.37) (9.17 3.54) (1.67 9.44) (2.15 2.73) (2.45 2.21) (1.51 3.05) (1.24 1.1) (9.49 7.94) (2.39 0.88) (2.89 4.33) (9.61 7.37) (5.11 7.11)
char 87 (a f) (i t) (k l) (h s) (g i) (s i) (q q) (e p) (p n) (m o) (m c) (t p) (l j) (a e) (r g) (f q) (k s) (r g) (s d) (q h) (e q) (o r) (a e) (t a) (k r) (d p) (m p) (q h) (p i) (h n) (t l) (a r) (f c) (i t) (l t) (d k) (e g) (n i) (b n) (g m) (j a) (l l) (f b) (q a) (s f) (h l) (c n) (l r) (g m) (a l) (d c) (q g) (m i) (h m) (o q) (m r) (m k) (o b) (h c) (t o) (j a) (r e) (m p) (l l) (c k) (g l) (s a) (b k) (o h) (p s) (g k) (m a) (a r) (m h) (a m) (j f) (l t) (t j) (r m) (d n) (n d) (o i) (j c) (t k) (e j) (l s) (s n)
int 88 (33 98) (54 63) (28 7) (54 91) (49 77) (46 46) (40 89) (58 51) (30 94) (65 34) (80 11) (56 99) (83 17) (66 85) (84 75) (66 85) (14 7) (18 4) (75 21) (1 3) (77 3) (79 24) (62 85) (60 11) (62 55) (61 60) (48 24) (97 55) (6 1) (74 20) (17 88) (46 42) (30 22) (81 23) (53 52) (96 53) (90 85) (1 70) (74 66) (76 75) (51 5) (48 59) (4 11) (54 99) (63 27) (2 45) (14 11) (75 72) (91 32) (58 54) (90 93) (84 75) (27 55) (87 70) (82 61) (89 44) (6 46) (67 61) (13 64) (39 57) (51 23) (15 29) (5 28) (39 56) (94 9) (95 74) (18 19) (22 93) (8 32) (76 8) (22 34) (83 64) (8 53) (10 7) (49 84) (98 16) (26 16) (62 86) (72 87) (93 25) (6 2) (47 4) (94 86) (85 19) (71 72) (61 50) (43 54) (36 51)
double 89 (2 5.67) (0.3 7.33) (9.51 9.42) (6.38 0.84) (8.06 7.21) (9.95 5.79) (9.79 5.5) (2.74 7.2) (5.54 2.2) (9.54 5.27) (3.05 5.66) (7.66 2.44) (0.69 0.16) (7.78 8.85) (7.5 8.88) (4.42 1.04) (1.76 1.66) (7.44 6.54) (6.11 9.6) (2.89 7.1) (5.8 9.05) (1.57 3.67) (8.51 7.42) (6.78 7.58) (9.14 5) (3.59 1.64) (0.68 5.5) (7.16 2.75) (0.85 2.13) (1.36 0.68) (2.6 6.73) (2.74 8.78) (0.47 9.17) (8.44 5.06) (8.27 2.67) (8.85 1.97) (1.59 4.02) (2.98 3.88) (1.11 3.03) (5.91 7.55) (0.24 8) (0.21 5.63) (7.49 8.32) (3.59 4.69) (9.29 3.4) (4.02 8.53) (9.61 6.64) (4.22 0.2) (1.95 8.03) (7.8 7.6) (7.94 7.26) (4 2) (7.97 9.52) (7.02 4.24) (8.05 6.18) (9.48 8.56) (7.38 4.62) (9.03 3.48) (9.14 5.3) (0.95 6.78) (2.34 9.14) (3.64 1.61) (8.93 4.6) (5.1 7.04) (1.29 7.05) (8.56 0.75) (4.89 9.89) (5.78 1.03) (5.68 9.31) (5.69 0.11) (9.43 9.16) (2.62 9.14) (1.22 0.21) (9.57 2.95) (9.21 9.84) (8.15 6.51) (7.43 0.5) (7.33 2.35) (6.39 4.37) (5.31 7.6) (6.81 7.43) (5 1.42) (3.43 4.29) (2.19 7.52) (7.39 6.71) (2.6 7.32) (8.59 6.14) (5 6.77) (8.43 7.93)
bool 90 (1 0) (0 0) (0 0) (1 1) (1 0) (1 0) (0 0) (1 0) (0 0) (1 0) (0 1) (1 0) (0 1) (1 1) (1 0) (0 1) (0 0) (0 1) (1 1) (0 0) (1 0) (1 1) (1 0) (0 0) (1 1) (0 0) (1 0) (1 1) (1 1) (1 0) (0 0) (1 1) (0 0) (1 1) (1 1) (1 0) (1 1) (1 0) (1 0) (1 0) (1 1) (0 0) (1 1) (0 0) (0 0) (1 0) (0 1) (1 0) (0 0) (1 0) (0 1) (0 0) (1 1) (1 1) (0 1) (0 1) (0 0) (1 0) (0 1) (0 1) (1 0) (0 1) (1 1) (1 0) (0 0) (1 0) (0 1) (0 0) (0 0) (0 1) (0 1) (0 1) (0 1) (0 1) (0 0) (1 1) (0 0) (0 0) (1 1) (0 1) (0 0) (1 1) (0 1) (0 0) (1 0) (0 0) (0 0) (1 0) (1 1) (1 1)
double 90 (3.91 9.78) (2.41 4.54) (9.09 4.21) (4.47 6.03) (9.26 8.96) (1.64 8.72) (1.03 4.59) (2.97 4.56) (4.17 0.62) (5.95 5.6) (4.67 0.65) (9.52 3.04) (7.91 1.79) (8.53 5.56) (0.38 4.67) (5.91 4.32) (2.16 7.22) (4.05 6.54) (7.59 7.18) (8.29 7.95) (2.23 0.46) (3.71 8.08) (0.25 3.62) (3.23 1.37) (6.04 9.02) (7.47 1.4) (0.74 2.86) (7.97 0.03) (8.76 1.08) (3.53 0.42) (6.92 6.31) (0.18 7.14) (7.38 3.4) (9.68 5.25) (1.35 0.55) (9.17 6.58) (6.4 3.17) (0.92 7.6) (4.93 4.76) (3.2 3.55) (9.15 6.47) (9.8 2.6) (6.73 8.83) (5.9 0.02) (9.02 3.18) (4 9.13) (8.57 1.9) (8.56 4.18) (5.28 5.15) (2.57 8.34) (5.99 9.93) (8.74 3.38) (8.92 1.22) (0.04 0.7) (9.1 7.86) (0.35 8.09) (6.92 8.26) (8.18 5.59) (8.7 1.51) (5.19 2.73) (0.51 4.07) (0.06 2.97) (3.55 1.15) (1.81 4.6) (7.09 3.02) (8.53 3.16) (4.06 1.56) (5.34 1.92) (6.2 6.48) (1.33 9.34) (7.55 9.89) (5.88 5.38) (0.63 2.21) (5.37 5.61) (5.18 6.44) (6.42 1.44) (2.94 8.89) (6.86 2.11) (6.91 8.09) (5.5 5.5) (0.83 2.93) (4.08 1.79) (5.71 9.73) (3.15 1.4) (6.55 2.76) (8.29 9.33) (2.05 0.68) (8.96 1.31) (0.47 6.55) (3.51 2.04)
double 91 (7.81 4.99) (9.96 0.7) (1.57 7.29) (7.9 1.12) (6.95 1.42) (9.84 8.17) (2.38 1.39) (1.96 0.94) (3.36 0.82) (0.5 4.67) (7.82 5.23) (7.18 3.57) (8.67 6.04) (4.05 0.05) (0.65 7.08) (2.62 1.84) (0.42 4.84) (5.25 6.19) (2.19 7.98) (1.57 7.58) (7.27 2.67) (6.07 2.4) (3.49 1.44) (1.13 5.8) (6.87 9.77) (7.12 8.79) (9 0.71) (6.8 8.13) (5.32 7.29) (9.04 7.9) (2.48 5.46) (8.07 2.52) (5.76 8.57) (9.27 2.05) (2.4 0.64) (7.54 4.51) (4.06 8.4) (2.25 5.57) (8.74 6.55) (8.38 7.81) (1.94 3.48) (9.69 1.14) (8.44 2.01) (2.75 7.96) (3.09 8.25) (0.71 3.23) (9.95 6.72) (6.56 0.19) (2.76 5.39) (0.09 7.1) (0.13 4.77) (8.74 0.88) (4.83 6.89) (4.37 1.99) (3.59 4.77) (5.41 1.11) (5.75 2.02) (5.64 4.91) (0.83 3.38) (5.12 7.87) (3.2 3.03) (0.65 0.95) (3.1 7.01) (3.5 0.67) (2.07 3.76) (6.51 4.99) (6.82 0.89) (9.89 4.11) (5.76 0.34) (0.1 0.38) (1.76 4.31) (5.09 1.6) (7.78 8.17) (0.89 6.07) (1.46 0.61) (1.59 0.39) (6.66 2.83) (8.58 8.78) (3.22 5.64) (0.14 4.45) (5 1.89) (7.37 1.15) (7.54 1.28) (2.09 8.03) (4.95 6.54) (5.21 9.03) (4.44 3.46) (7.49 9.17) (4.27 4.1) (5.59 5.33) (1.32 5.67)
int 91 (89 70) (12 67) (78 22) (25 28) (1 28) (79 72) (59 45) (99 75) (22 68) (87 59) (78 86) (76 7) (35 22) (75 78) (98 52) (51 5) (31 52) (4 1) (32 22) (15 47) (84 18) (45 60) (64 76) (74 10) (21 65) (55 76) (5 50) (95 13) (9 16) (61 99) (98 89) (42 22) (64 96) (54 66) (5 74) (76 38) (21 25) (80 60) (11 60) (70 64) (8 72) (98 97) (14 91) (40 99) (12 59) (39 7) (64 14) (46 91) (49 38) (33 23) (89 13) (55 43) (54 41) (3 50) (58 85) (29 88) (10 36) (31 72) (69 39) (60 7) (26 86) (20 27) (49 18) (88 57) (5 1) (74 10) (61 8) (93 76) (23 14) (93 29) (71 57) (88 92) (55 77) (7 5) (62 52) (11 51) (69 50) (9 84) (9 74) (10 15) (60 66) (81 8) (30 18) (2 25) (51 69) (46 53) (85 25) (92 21) (96 68) (81 99) (55 65)
int 93 (25 6) (62 11) (45 29) (10 9) (40 31) (71 79) (62 53) (80 28) (83 95) (45 41) (52 21) (58 4) (59 99) (86 95) (80 32) (83 45) (85 43) (46 74) (84 34) (25 68) (66 58) (75 57) (82 31) (37 91) (44 59) (74 15) (85 73) (14 5) (46 54) (76 81) (1 51) (39 90) (14 76) (59 72) (57 12) (50 26) (87 69) (86 87) (64 68) (23 20) (33 44) (87 90) (67 97) (56 17) (95 28) (46 17) (82 98) (36 69) (67 56) (34 5) (38 48) (67 23) (32 62) (6 84) (79 12) (51 54) (59 62) (81 23) (97 93) (72 15) (2 81) (1 25) (78 53) (70 15) (7 78) (6 54) (15 49) (40 72) (4 79) (72 94) (32 13) (46 23) (55 41) (30 18) (15 47) (38 16) (92 99) (43 95) (11 26) (92 2) (85 74) (64 78) (32 4) (30 96) (74 21) (23 36) (44 89) (95 27) (65 12) (6 26) (48 20) (49 82) (50 11)
int 94 (47 20) (88 97) (5 99) (93 68) (80 36) (14 98) (7 9) (89 48) (19 72) (50 8) (9 31) (40 41) (53 52) (83 35) (33 71) (26 60) (70 76) (47 74) (76 31) (18 42) (2 13) (95 50) (68 72) (99 20) (2 75) (93 20) (70 45) (28 41) (89 54) (47 12) (82 48) (65 98) (89 82) (82 47) (37 32) (78 53) (1 56) (36 41) (5 95) (94 31) (85 46) (95 23) (7 77) (25 37) (35 24) (51 43) (40 79) (34 88) (30 41) (25 24) (20 98) (83 52) (90 75) (74 32) (14 44) (34 38) (46 13) (47 76) (25 50) (22 19) (35 19) (65 1) (8 89) (90 79) (16 76) (67 77) (70 48) (87 38) (26 36) (72 33) (99 54) (42 58) (96 7) (69 58) (19 41) (59 55) (62 44) (13 90) (97 65) (96 94) (69 65) (39 50) (11 68) (89 17) (37 77) (58 56) (33 42) (89 67) (9 17) (37 85) (74 41) (37 3) (25 11) (71 41)
bool 97 (0 0) (1 1) (1 0) (0 1) (1 0) (1 0) (1 1) (1 1) (0 1) (1 1) (0 1) (0 1) (0 0) (0 0) (1 1) (1 1) (0 1) (0 0) (0 1) (0 0) (0 0) (0 1) (1 1) (0 1) (0 0) (0 0) (1 1) (0 1) (1 0) (0 0) (1 0) (0 0) (0 0) (1 0) (1 0) (0 0) (0 0) (0 1) (0 1) (0 0) (1 1) (1 0) (0 0) (0 0) (1 1) (1 0) (0 0) (1 0) (1 0) (0 0) (1 0) (1 1) (0 0) (0 0) (1 1) (1 0) (1 1) (0 1) (0 0) (0 0) (1 1) (0 1) (1 1) (0 1) (0 0) (1 1) (1 1) (1 0) (0 1) (1 1) (1 1) (1 1) (0 1) (1 1) (1 0) (1 1) (0 0) (1 0) (1 0) (0 1) (1 1) (0 0) (1 0) (1 1) (1 0) (1 0) (0 1) (0 0) (0 0) (1 1) (0 1) (0 1) (1 0) (0 0) (1 1) (1 0) (0 1)
int 97 (88 23) (54 38) (17 67) (8 40) (23 26) (85 58) (1 35) (31 35) (10 85) (2 11) (47 82) (47 47) (72 76) (84 80) (4 15) (47 6) (47 21) (93 82) (11 84) (95 70) (77 31) (63 21) (91 19) (92 85) (19 96) (55 24) (92 37) (13 8) (7 7) (85 73) (42 20) (86 52) (51 43) (73 18) (51 55) (18 45) (66 81) (86 58) (58 58) (16 30) (75 90) (59 97) (41 13) (86 54) (97 2) (5 47) (87 56) (97 50) (40 81) (26 21) (3 3) (1 65) (25 15) (81 85) (24 50) (53 43) (82 55) (20 75) (92 81) (78 74) (66 4) (71 77) (64 54) (79 89) (23 19) (92 47) (55 22) (28 9) (32 34) (70 74) (5 19) (1 3) (46 29) (56 60) (67 44) (49 87) (90 52) (15 1) (80 50) (48 83) (67 83) (7 52) (80 90) (64 73) (84 48) (18 79) (45 21) (55 14) (1 81) (35 26) (94 21) (78 71) (90 62) (58 62) (26 75) (64 60) (57 73)
double 98 (4.65 4.24) (5.69 3.7) (3.77 9.34) (9.85 5.42) (5.13 4.46) (3.5 0.3) (1.72 9) (9.53 6.76) (1.02 6.32) (2.94 3.24) (7.11 3.3) (2.72 1.87) (2.53 0.25) (6.39 2.22) (4.39 9.12) (9.21 5.9) (0.99 1.98) (0.77 7.52) (7.97 4.28) (7.01 7.21) (3.92 8.32) (0.36 3.89) (1.13 5.46) (4.5 8.76) (0.47 2.38) (4.01 4.61) (3.65 6.86) (7.27 1.83) (1.82 6.36) (0.78 2.46) (8.14 4.28) (5.98 8.93) (2.67 0.64) (5.49 8.55) (2.04 6.02) (0.45 1.59) (2.5 9.82) (2.51 5.29) (7.31 8.4) (3.91 3.45) (9.56 2.69) (9.1 0.09) (3.95 0.46) (4.57 3.94) (4.84 7.34) (1.43 3.71) (2.7 3.72) (8.36 5.21) (5.65 2.76) (8.33 4.84) (8.55 6.9) (9.14 6.51) (2.14 0.81) (4.07 0.37) (6.54 9.13) (5.08 6.6) (3.01 2.52) (1.81 6.85) (9.52 4.83) (2.25 6.31) (0.29 4.77) (2.51 7.26) (5.86 1.59) (5.67 0.88) (4.56 2.57) (9.83 3.49) (0.47 5) (6.06 2.08) (1.92 6.05) (4.88 3.56) (3.38 7.92) (8.65 9.56) (3.98 9.93) (8.61 4) (6.71 9.75) (0.54 1.32) (0.91 7.7) (0.94 0.63) (0.57 4.35) (6.15 7.84) (1.8 5.93) (1.72 1.37) (9.17 0.45) (2.58 1.03) (1.97 8.66) (8.03 8.39) (6.46 3.3) (7.58 9.56) (6.77 9.48) (6.97 8) (5.21 1.13) (0.02 9.56) (5.37 7.11) (7.28 6.96) (9.36 7.91) (0.27 0.71) (4.75 2.21) (6.87 3.62)
bool 99 (0 0) (1 0) (1 0) (0 0) (1 0) (0 1) (0 0) (1 1) (0 0) (1 1) (1 1) (1 0) (0 1) (1 1) (1 0) (1 1) (0 1) (0 1) (1 1) (0 0) (0 1) (0 1) (0 1) (0 0) (1 0) (0 1) (0 0) (0 0) (1 0) (1 0) (0 1) (0 1) (0 1) (1 0) (1 1) (0 1) (1 1) (1 0) (0 1) (0 1) (0 1) (0 0) (0 0) (0 0) (0 1) (1 1) (0 0) (1 0) (0 0) (1 1) (0 0) (1 1) (0 0) (1 0) (0 0) (0 0) (0 1) (0 0) (0 0) (0 1) (1 1) (1 0) (0 0) (1 1) (0 1) (0 1) (0 0) (1 1) (1 0) (0 0) (1 0) (0 0) (1 1) (0 0) (1 0) (1 1) (0 1) (1 1) (1 1) (0 1) (1 0) (1 1) (1 1) (1 0) (0 1) (1 1) (1 0) (1 0) (1 1) (0 0) (1 0) (0 1) (0 0) (1 1) (1 0) (0 0) (1 0) (1 1) (1 0)
int 100 (23 98) (25 69) (77 38) (74 89) (92 32) (57 23) (29 73) (92 99) (96 97) (11 72) (35 65) (18 85) (63 89) (12 2) (77 21) (64 60) (28 91) (14 66) (46 86) (98 96) (31 44) (6 46) (98 7) (36 26) (40 18) (11 49) (99 27) (43 72) (2 97) (24 90) (10 25) (37 28) (6 37) (14 90) (92 32) (8 67) (66 9) (7 59) (81 45) (97 64) (84 6) (72 12) (22 18) (10 74) (90 7) (92 70) (53 42) (62 48) (40 76) (5 18) (17 29) (21 13) (11 58) (54 93) (85 36) (10 82) (48 54) (37 68) (92 88) (58 36) (64 2) (23 56) (33 28) (27 83) (2 72) (83 84) (74 56) (99 69) (93 64) (61 39) (68 86) (94 68) (67 11) (33 69) (1 45) (18 7) (13 25) (79 55) (44 33) (62 27) (91 43) (43 95) (87 17) (38 76) (41 99) (77 52) (97 65) (35 99) (13 44) (40 1) (22 27) (26 64) (80 71) (1 21) (96 66) (58 76) (54 47) (22 50) (14 1) (11 49)
int 101 (68 92) (75 39) (46 78) (83 5) (24 70) (50 81) (48 46) (24 4) (97 60) (2 45) (57 34) (34 8) (32 28) (84 59) (10 72) (62 2) (88 89) (14 52) (14 21) (98 7) (46 38) (94 34) (58 9) (93 65) (53 16) (6 39) (30 88) (37 78) (31 12) (74 51) (42 50) (67 89) (9 75) (27 81) (8 57) (60 45) (9 23) (78 23) (28 49) (2 44) (47 44) (90 89) (46 66) (39 12) (95 37) (38 14) (68 43) (93 93) (7 26) (13 79) (32 77) (29 42) (3 97) (70 67) (42 43) (66 87) (7 36) (9 43) (3 75) (69 66) (79 62) (27 61) (86 54) (97 7) (46 25) (87 10) (66 23) (82 69) (15 59) (95 88) (91 66) (23 58) (35 58) (23 37) (40 62) (30 46) (35 67) (7 86) (40 72) (86 7) (99 63) (21 69) (64 3) (17 99) (30 15) (51 82) (16 97) (90 16) (71 16) (12 48) (91 36) (72 97) (21 97) (19 97) (6 73) (82 89) (25 24) (65 26) (52 29) (45 50) (76 30)
bool 103 (0 0) (0 1) (1 1) (0 0) (0 1) (1 1) (1 0) (0 1) (0 1) (0 0) (0 1) (1 1) (1 1) (1 0) (0 1) (1 1) (0 1) (1 0) (0 0) (1 1) (1 0) (0 0) (0 1) (1 1) (1 0) (1 1) (0 1) (1 1) (1 0) (1 1) (0 0) (0 1) (0 1) (0 1) (0 0) (0 0) (0 0) (0 0) (0 0) (0 0) (0 1) (1 0) (0 1) (0 0) (0 1) (0 0) (0 1) (0 0) (0 1) (1 0) (1 1) (1 1) (0 1) (0 1) (1 1) (1 1) (1 1) (0 1) (0 0) (0 0) (1 1) (1 0) (1 0) (1 0) (1 0) (0 0) (1 0) (0 0) (0 1) (0 1) (0 1) (0 1) (1 1) (1 0) (0 0) (1 1) (1 1) (0 0) (1 1) (0 1) (1 0) (0 0) (0 1) (1 1) (0 0) (0 1) (1 1) (0 0) (0 1) (0 0) (0 1) (1 1) (1 0) (0 0) (1 0) (1 1) (1 1) (1 0) (0 0) (0 1) (1 0) (0 1) (1 0)
int 103 (22 81) (91 3) (21 77) (27 72) (32 77) (50 59) (86 36) (26 62) (75 56) (82 73) (42 59) (53 18) (76 93) (95 94) (37 9) (99 70) (25 9) (98 82) (35 16) (1 83) (85 73) (34 51) (52 97) (94 15) (66 6) (16 52) (70 49) (3 97) (9 1) (24 98) (21 85) (25 15) (67 12) (70 16) (68 32) (38 51) (37 68) (94 75) (78 57) (8 2) (38 15) (33 2) (20 28) (40 25) (67 34) (36 66) (97 37) (64 90) (56 93) (20 76) (87 11) (23 44) (53 39) (87 23) (81 4) (3 20) (1 64) (16 85) (17 23) (25 82) (30 39) (9 38) (67 11) (46 71) (51 12) (49 78) (89 4) (52 29) (27 35) (42 93) (82 86) (65 14) (79 66) (33 12) (45 38) (86 51) (33 17) (7 14) (47 96) (2 94) (94 44) (28 24) (38 96) (3 63) (96 1) (32 95) (91 59) (6 76) (39 13) (43 67) (48 99) (64 29) (31 64) (95 60) (51 35) (33 6) (11 42) (84 64) (33 41) (49 11) (42 16) (6 26) (98 95)
char 104 (a q) (d r) (d k) (t r) (h h) (d d) (g c) (e j) (i l) (e e) (d g) (g c) (h n) (s s) (t p) (d a) (s b) (q o) (q o) (b f) (e r) (q o) (f e) (c o) (o l) (d d) (s n) (d q) (r d) (t c) (g k) (t d) (m c) (a g) (p a) (b b) (b j) (i q) (k n) (d h) (t p) (g b) (e a) (b t) (k p) (k j) (a k) (k m) (a p) (k i) (n l) (f d) (h n) (h d) (c i) (p n) (o h) (m s) (g q) (i d) (j f) (f q) (o l) (d h) (k g) (i b) (t b) (g o) (o o) (r n) (f g) (i a) (d s) (h s) (l a) (b m) (g n) (e t) (n m) (e f) (k q) (j c) (c p) (r s) (t q) (a r) (l r) (e j) (l s) (a k) (b n) (d f) (b g) (r d) (t i) (o m) (n f) (q f) (q o) (a n) (h g) (n q) (b l) (n i)
bool 106 (0 1) (0 1) (1 1) (0 0) (1 0) (1 0) (1 0) (1 1) (1 0) (1 0) (0 1) (0 1) (0 1) (0 1) (1 0) (0 1) (0 0) (1 0) (1 1) (1 1) (1 0) (1 1) (1 1) (1 0) (0 1) (0 1) (0 0) (0 0) (0 1) (1 0) (0 0) (0 1) (1 1) (1 0) (0 0) (0 1) (0 1) (0 0) (1 0) (0 1) (1 0) (0 0) (0 0) (0 1) (0 1) (0 0) (0 1) (1 1) (1 0) (1 1) (1 0) (1 0) (1 1) (0 0) (1 1) (0 1) (0 0) (1 0) (0 0) (0 0) (1 0) (1 1) (0 1) (0 0) (0 1) (0 1) (0 1) (1 0) (1 0) (1 0) (0 1) (0 0) (1 0) (0 1) (0 1) (1 1) (1 1) (0 1) (1 1) (0 1) (1 0) (1 0) (0 1) (1 0) (1 0) (1 0) (0 0) (1 1) (0 0) (0 0) (0 1) (1 1) (1 1) (1 0) (0 0) (0 0) (1 0) (0 1) (1 0) (0 1) (0 0) (0 1) (0 1) (0 0) (0 1) (0 1)
double 107 (3.48 4.15) (5.65 3.01) (4.67 7.42) (5.67 9.69) (6.66 9.97) (6.05 7.76) (8.83 0.92) (1.72 2.78) (2.58 4.4) (3.09 5.77) (6.9 8.96) (3.09 5.21) (6.96 9.85) (2.75 8.46) (4.45 5.22) (7.92 6.78) (6.62 3.07) (8.51 0.25) (2.23 7.85) (0.24 1.73) (5.29 3.54) (1.48 0.45) (2.25 5.97) (2.37 3.92) (7.28 5.92) (6.73 9.44) (2.21 6.63) (6.43 5.37) (0.3 2.54) (7.2 8.36) (7.04 4.71) (5.35 6.65) (7.63 6.67) (6.64 7.74) (6.13 9.23) (8.01 3.96) (8.73 4.71) (4.37 5.17) (2.49 6.21) (8.56 3.71) (3.74 5.77) (8.03 8.41) (7.52 9.8) (9.4 7.84) (6.9 1.4) (5.84 9.91) (5.36 6.48) (5.63 2.46) (9.01 9.81) (3.28 0.44) (3.61 6.16) (6.19 5.43) (6.53 3.72) (3.91 3.43) (9.99 7.4) (2.81 6.36) (5.9 4.99) (1.88 2.81) (1.94 0.16) (6.37 6.02) (6.96 7.73) (7.34 8.79) (1.33 8.98) (4.89 0.76) (6.92 8.34) (5.06 8.33) (2.42 5.4) (6.98 0.84) (1.68 8.78) (8.14 3.6) (2.46 9.48) (4.18 4.85) (5.18 8.35) (7.89 8.49) (2.95 9.41) (9.29 5.01) (2.21 5.08) (7.03 3.9) (7.31 3.08) (9.53 7.21) (2.05 3.5) (6.05 4.44) (9.68 4.26) (9.74 1.8) (9.33 6.58) (7.89 6.36) (9.86 8.45) (3.68 6.3) (8.29 4.31) (0.86 1.44) (4.01 4.79) (0.5 8.28) (2.34 1.18) (4.02 2.31) (0.24 4.75) (9.48 0.76) (1.63 0.12) (0.17 4.58) (2.33 3.79) (6.19 3.35) (3.81 8.36) (9.6 2.56) (4.51 5.27) (9.18 7.65) (4.42 3.58) (6.85 9.61) (9.28 3.95)
double 109 (3.88 9.35) (0.21 2.58) (2.32 8.01) (2.84 4.12) (5.99 2.65) (9.39 3.47) (2.44 0.89) (8 0.89) (2.94 7.06) (8.44 1.07) (0.35 5.46) (7.07 1.92) (4.52 1.79) (0.32 9.23) (0.45 3.06) (1.75 2.45) (5.72 2.88) (2.69 2.6) (8.6 2.59) (4.75 7.29) (6.6 5.45) (3.44 6.98) (1.21 5.27) (4.58 3.75) (5.15 6.35) (9.74 4.12) (4.58 3.94) (6.98 5.13) (7.48 9.36) (3.81 1.68) (9.29 2.61) (9.1 5.3) (4.55 0.72) (1.44 5.5) (2.03 4.05) (1.46 5.06) (4.18 9.83) (1.25 8.32) (8.26 0.89) (7.65 4.76) (8.24 1.6) (1.53 8.4) (1.09 6.62) (6.03 5.57) (2.67 6.12) (7.53 2.8) (0.3 5.13) (5.72 2.28) (7.46 9.11) (9.59 2.51) (0.92 3.49) (0.28 5.3) (0.95 6.41) (8.55 6.72) (2.88 6.37) (3.92 5.22) (5.66 3.32) (0.12 2.73) (8.6 6.52) (5.25 2.94) (2.72 0.44) (3.15 5.95) (4.37 7.83) (5.84 0.78) (3.86 1.71) (1.9 7.88) (1.8 8.55) (0.11 6.3) (8.71 2.89) (1.94 2.59) (3.51 0.23) (1.26 3.64) (8.29 1.11) (2.04 5.78) (5.32 8.37) (7.28 3.7) (8.47 8.35) (8.76 3.11) (9.35 5.29) (2.73 1.07) (2.35 3.22) (2.98 0.14) (7.73 4.87) (0.82 5.19) (4.86 9.06) (8.94 6.79) (7.38 1.95) (7.31 1.47) (6.33 5.41) (8.56 5.59) (7.55 5.29) (6.81 8.46) (5.17 4.53) (8.76 5.95) (3 6.49) (3.28 7.31) (0.96 1.35) (8.73 6.47) (6.39 8.12) (4.15 4.74) (8.16 5.76) (8.25 1.36) (3.46 7.54) (0.11 4.6) (0.65 9.1) (3.38 8.93) (2.8 0.39) (2.22 6.53) (9.38 1.89)