double 10 (6.9 2.99 1.17) (2.17 9.2 1.55) (9.46 1.66 0.11) (7.95 8.48 7.75) (0.12 9.93 0.12) (8.87 4.21 4.82) (6.84 1.02 8.36) (8.93 9.56 4.2) (9.58 8.28 9.94) (0.95 3.95 2.06)
bool 11 (0 0 0) (1 1 1) (0 1 0) (0 0 1) (1 1 1) (1 0 1) (1 1 1) (1 1 1) (1 1 1) (0 1 0) (1 0 0)
bool 11 (1 0 1) (1 0 0) (0 1 1) (1 0 1) (0 0 1) (1 1 1) (1 1 1) (1 0 1) (1 1 1) (0 1 0) (1 0 1)
char 12 (o t h) (r c k) (t k r) (b q a) (t m t) (q k m) (i o e) (s k b) (p b l) (b f b) (r k i) (f n r)
int 12 (12 76 1) (94 75 21) (78 78 23) (33 6 68) (41 1 76) (83 2 30) (59 73 56) (3 11 64) (9 35 78) (92 63 50) (92 84 72) (35 77 55)
int 15 (66 32 24) (63 71 6) (78 31 9) (90 95 11) (76 6 93) (30 79 2) (85 95 68) (97 26 58) (6 4 66) (94 69 45) (2 70 14) (52 54 27) (65 51 91) (39 99 15) (63 53 19)
int 16 (35 75 5) (71 99 74) (29 95 96) (37 68 1) (51 13 94) (15 8 25) (33 43 58) (66 9 6) (24 4 49) (34 67 91) (25 83 86) (13 21 67) (67 52 3) (40 14 25) (49 78 43) (33 55 49)
char 17 (k p i) (i r c) (b h r) (o p k) (h q f) (d g p) (k c p) (d f m) (j a n) (r q d) (n g m) (q c s) (l g o) (j c q) (j q e) (p f s) (d d e)
bool 18 (1 0 0) (0 1 0) (0 0 0) (1 1 0) (0 0 1) (0 0 1) (1 1 1) (0 0 0) (0 0 0) (1 1 1) (1 0 0) (0 1 0) (0 1 1) (1 1 0) (0 0 1) (0 0 1) (1 1 0) (0 1 1)
bool 19 (0 1 0) (1 0 1) (0 0 1) (0 0 1) (0 1 0) (1 0 0) (0 0 1) (0 0 0) (1 0 1) (1 0 0) (0 0 0) (1 0 1) (1 1 1) (1 1 0) (0 1 1) (0 0 1) (1 1 1) (0 0 0) (1 0 1)
char 19 (q d p) (l p r) (i q j) (q r p) (e r t) (m e r) (p m o) (f h r) (i q k) (q n c) (b s d) (b c t) (i l q) (c h d) (i a l) (a j c) (e l f) (l j j) (n d h)
bool 22 (1 0 1) (1 0 1) (1 1 1) (0 0 0) (1 0 1) (1 0 0) (0 1 1) (1 1 1) (0 0 0) (1 0 1) (1 0 1) (0 0 1) (0 1 0) (0 0 1) (1 0 1) (0 1 1) (1 0 0) (0 0 0) (0 1 0) (0 0 1) (0 0 1) (0 0 0)
bool 22 (1 1 0) (0 0 1) (0 0 0) (0 1 1) (1 0 0) (0 0 1) (1 0 0) (0 1 1) (0 0 1) (1 1 0) (1 0 0) (0 0 1) (0 1 1) (1 0 1) (0 1 1) (1 0 1) (1 1 1) (0 0 1) (0 0 1) (0 0 1) (0 1 0) (0 1 0)
char 22 (m g q) (s q e) (t o i) (o s c) (g c q) (e l t) (a q q) (n p e) (r d n) (d p d) (b p s) (c o b) (b n c) (o d l) (r t g) (q c p) (j d d) (d a r) (e a p) (s g p) (a a k) (p r b)
bool 23 (0 0 1) (1 0 1) (1 1 1) (0 1 0) (0 0 0) (1 1 1) (0 0 1) (0 1 0) (1 1 1) (1 1 0) (1 1 0) (1 1 1) (0 1 1) (1 0 0) (1 1 0) (0 1 0) (0 1 0) (1 0 0) (1 1 1) (0 0 0) (1 1 1) (0 0 1) (1 1 0)
int 25 (79 9 71) (27 56 76) (31 61 57) (40 14 7) (23 45 58) (92 97 85) (34 67 1) (3 82 61) (72 25 4) (38 61 19) (91 6 75) (18 56 16) (32 64 46) (21 92 79) (95 28 89) (74 2 76) (20 91 39) (34 47 52) (44 90 14) (45 97 36) (32 82 75) (8 71 45) (80 20 27) (76 76 84) (7 82 51)
bool 28 (0 0 1) (1 0 1) (1 1 1) (0 1 1) (1 0 1) (0 1 1) (1 1 0) (0 1 1) (1 0 1) (1 0 1) (1 0 0) (0 1 1) (0 1 0) (1 0 0) (0 0 1) (0 1 1) (1 1 0) (1 0 0) (1 1 1) (0 0 1) (0 1 1) (1 0 1) (0 1 1) (0 1 0) (0 0 0) (1 0 1) (1 0 1) (0 1 1)
bool 29 (1 1 1) (0 1 0) (0 1 0) (1 0 1) (0 0 0) (1 1 1) (1 1 1) (0 1 1) (0 0 0) (0 0 1) (1 1 0) (1 0 0) (0 0 0) (0 1 1) (0 0 0) (0 0 0) (0 0 0) (1 1 0) (0 0 0) (1 0 0) (1 1 1) (1 0 0) (1 0 1) (1 0 1) (0 1 1) (0 0 0) (1 1 1) (0 1 1) (1 1 1)
bool 29 (1 1 1) (1 0 0) (0 0 0) (1 0 0) (0 1 1) (0 0 1) (1 1 1) (1 1 0) (0 1 1) (0 1 0) (1 1 0) (1 1 0) (0 0 0) (0 0 0) (0 0 0) (0 0 0) (1 1 0) (1 0 0) (0 0 1) (0 1 0) (1 0 1) (1 0 1) (0 1 0) (0 1 1) (1 0 1) (0 0 0) (1 1 0) (1 1 1) (0 0 0)
bool 30 (0 0 0) (1 0 0) (0 0 0) (0 1 1) (1 0 0) (1 1 1) (0 0 0) (0 0 0) (1 1 1) (1 1 0) (0 1 0) (0 0 0) (0 1 0) (0 1 1) (0 0 1) (0 1 1) (0 0 1) (1 1 0) (1 0 0) (0 0 1) (0 1 0) (1 1 0) (1 1 1) (1 0 0) (0 0 1) (0 0 1) (0 1 0) (1 0 1) (0 0 0) (0 0 1)
bool 32 (0 1 1) (1 0 1) (1 1 0) (1 0 0) (1 0 1) (1 0 0) (0 1 0) (1 1 1) (0 0 1) (0 0 1) (1 1 1) (1 1 1) (0 0 0) (0 1 0) (0 1 1) (1 1 0) (0 1 1) (0 0 1) (1 1 1) (1 0 0) (0 1 0) (1 0 1) (0 0 1) (0 0 1) (0 1 0) (0 0 1) (0 0 1) (0 1 0) (1 1 1) (1 1 1) (1 1 0) (1 1 0)
bool 32 (0 1 1) (0 1 1) (1 0 1) (0 0 0) (0 1 0) (1 0 0) (1 1 1) (1 1 0) (1 1 0) (1 0 0) (1 1 0) (0 0 0) (0 1 1) (1 1 0) (1 0 1) (0 0 0) (1 0 1) (0 1 1) (1 1 1) (0 1 0) (0 1 1) (1 0 1) (0 1 0) (0 1 0) (0 1 1) (0 1 0) (0 0 0) (1 0 0) (1 0 1) (1 1 0) (0 0 0) (0 1 0)
int 32 (29 6 70) (11 81 24) (49 58 76) (24 44 83) (85 71 78) (58 37 83) (88 40 50) (87 62 89) (2 82 44) (93 42 46) (7 46 45) (2 85 23) (11 90 76) (94 2 91) (13 77 93) (27 49 69) (20 72 53) (91 18 83) (62 61 43) (51 27 51) (28 94 12) (38 86 63) (2 96 80) (43 73 52) (99 36 37) (87 24 35) (79 3 91) (14 1 17) (33 4 85) (71 34 35) (69 27 55) (78 4 6)
bool 33 (0 1 0) (0 0 1) (1 0 0) (1 1 0) (1 1 1) (0 1 0) (0 1 1) (1 0 1) (0 0 0) (0 1 1) (0 0 1) (1 1 1) (0 0 1) (1 0 1) (0 0 1) (1 0 1) (0 1 1) (1 1 0) (0 0 1) (0 1 1) (0 1 0) (0 0 1) (0 0 0) (1 1 0) (0 1 1) (1 1 0) (1 1 1) (0 1 1) (0 1 1) (0 1 1) (0 0 0) (1 0 0) (1 1 0)
bool 35 (0 0 0) (0 1 0) (0 0 1) (0 1 0) (1 0 0) (1 1 0) (0 0 0) (1 1 0) (1 0 0) (1 0 1) (0 0 0) (1 0 1) (1 1 1) (1 0 0) (1 1 1) (1 1 0) (0 1 1) (0 0 1) (0 0 0) (0 0 0) (0 1 1) (1 1 0) (1 0 1) (1 1 1) (1 0 0) (1 0 0) (0 0 0) (1 1 0) (0 1 1) (1 1 0) (0 1 1) (0 1 0) (0 1 1) (1 1 1) (0 0 0)
char 35 (b s g) (e p o) (m m c) (k o f) (f p s) (s d j) (n o f) (h b g) (j m l) (e e a) (k e l) (f h a) (a c m) (d n j) (i l d) (r n o) (p p a) (n c n) (b h o) (p g r) (f q d) (m q m) (b r e) (h l k) (t q f) (t e k) (a l l) (q m c) (a l f) (d f j) (p h t) (c e p) (t r n) (p m g) (i j j)
double 40 (0.02 7.82 9.69) (9.72 7.19 0.23) (8.33 5.59 4.37) (5.86 8.25 6.98) (6.89 7.52 5.29) (7.86 1.01 6.2) (5.58 1.58 5.64) (7.28 1.08 8.38) (0.55 1.98 1.99) (6.76 8.36 6.52) (6.85 6.17 2.73) (7.72 0.94 7.2) (7.86 4.71 0.19) (1.72 8.92 6) (2.67 8.75 2.94) (9.82 0.6 5.33) (1.32 6.97 1.56) (0.01 9.41 7.88) (6.1 3.51 0.24) (9.86 8.8 8.11) (6.17 2.45 5.9) (6.65 5.61 9.05) (2.08 0.89 7.06) (2.15 9.87 2.45) (3.55 4.15 8.38) (4.67 9.7 5.51) (4.06 5.16 9.15) (4.72 9.64 3.72) (5.4 7.59 1.51) (0.01 2.28 8.11) (0.61 3.4 2.25) (9.62 0.2 5.19) (1.55 0.14 8.93) (6.71 1.51 7.59) (6.04 6.33 2.67) (0.17 9.99 0.05) (2.75 6.84 0.9) (2.61 4.95 9.32) (9.76 6.87 5.62) (8.11 9.31 7.99)
bool 42 (1 1 0) (0 1 1) (1 1 0) (0 1 0) (1 1 0) (1 1 0) (0 0 1) (1 0 1) (1 1 0) (1 1 1) (0 0 0) (1 0 0) (1 1 0) (0 1 0) (1 0 1) (0 1 1) (0 1 1) (0 1 1) (1 1 0) (0 1 0) (0 1 0) (1 1 1) (0 1 1) (1 0 1) (1 0 1) (0 0 0) (0 0 1) (1 1 0) (1 0 0) (1 1 0) (1 1 1) (1 0 1) (0 0 0) (0 0 1) (0 0 1) (1 1 0) (0 0 0) (0 0 1) (0 1 1) (0 1 0) (1 1 1) (0 1 0)
char 44 (k r t) (k n g) (e n s) (f e n) (q m d) (g f b) (m l r) (i l g) (s l n) (j s e) (c n d) (o i l) (h t l) (d e d) (g b j) (d b n) (k n g) (h l d) (i a e) (l i t) (n b m) (p j p) (p l l) (o i n) (p a a) (m k j) (j l n) (a g f) (c i o) (p p p) (j n r) (c c c) (k n i) (j h i) (i r j) (e l k) (a e r) (a n b) (t e p) (j a e) (s r r) (i q j) (o n i) (k r t)
bool 46 (0 1 0) (0 0 1) (1 1 0) (1 1 1) (1 0 0) (0 0 0) (1 0 1) (1 1 1) (1 0 0) (1 1 1) (0 0 1) (0 1 1) (0 1 1) (1 0 1) (1 1 1) (0 1 1) (1 1 0) (0 0 1) (1 1 0) (1 1 1) (0 1 1) (1 1 1) (1 0 1) (0 1 1) (0 1 1) (1 1 0) (0 1 0) (1 0 0) (1 1 0) (1 1 1) (0 1 0) (0 1 1) (1 0 0) (0 1 1) (0 0 1) (0 0 0) (0 1 0) (1 0 1) (1 1 0) (1 0 0) (1 0 1) (0 1 0) (1 0 0) (1 0 1) (1 1 1) (0 1 1)
int 46 (31 34 54) (27 76 7) (23 54 53) (77 43 66) (65 29 52) (47 78 32) (85 45 75) (18 80 90) (26 15 94) (89 52 55) (32 36 79) (73 4 48) (51 84 2) (67 18 42) (65 12 78) (30 94 44) (59 20 23) (41 88 5) (73 14 31) (46 20 36) (82 38 52) (89 83 2) (9 77 42) (38 69 39) (96 93 16) (81 28 7) (61 75 90) (16 47 94) (41 40 38) (38 64 58) (92 83 82) (32 3 34) (99 85 81) (8 54 46) (54 47 51) (26 25 83) (23 21 18) (62 92 63) (79 4 76) (36 88 9) (17 65 3) (96 56 27) (32 27 35) (80 53 74) (58 84 48) (94 61 64)
bool 48 (0 1 1) (0 1 0) (1 1 1) (0 0 0) (0 1 1) (1 1 1) (0 0 1) (1 1 1) (1 0 0) (1 0 0) (1 0 0) (1 0 1) (1 0 1) (0 1 1) (0 0 1) (0 0 1) (1 0 1) (1 0 0) (1 0 1) (0 1 1) (1 0 1) (1 0 0) (0 1 0) (1 0 1) (0 0 1) (1 1 1) (0 1 1) (0 0 1) (1 1 1) (0 1 0) (0 0 1) (1 1 1) (0 0 0) (0 1 1) (1 0 0) (1 1 1) (1 0 0) (0 0 0) (1 0 1) (1 0 0) (1 1 0) (0 0 1) (0 1 0) (1 0 0) (0 0 1) (0 0 0) (0 0 1) (1 0 1)
double 49 (2.82 2.44 9.05) (3.34 4.74 2.26) (3.58 2.68 4.05) (9.65 3.02 6.67) (3.94 6.91 1.08) (3.51 3.05 1.83) (4.2 6.61 0.6) (1.96 2.54 7.94) (9.72 6.5 8.36) (4.41 0.56 5.65) (3.8 6.81 1.6) (7.22 7.58 6.03) (7.61 8.09 2.55) (9.07 7.09 9.02) (4.93 3.86 6.92) (7.77 6.54 1.6) (6.61 5.12 5.7) (4.07 9.29 3.67) (1.18 2.82 5.4) (8.35 6.78 3.68) (8.23 0.92 3.96) (5.59 8.7 0.61) (0.63 3.54 5.33) (8.45 8.6 4.85) (3 5.23 2.15) (7.87 0.16 7.23) (4.33 2.16 3.91) (8.65 5.51 5.99) (0.77 6.96 2.19) (6.87 5.39 6.37) (6.74 8.32 4.32) (8.09 6.1 3.8) (9.57 8.99 4.98) (6.55 9.93 9.11) (6.34 2.2 5.4) (2.47 0.23 1.83) (0.22 0.05 7.63) (3.43 0.64 8.19) (3.04 8.35 0.86) (8.43 5.92 3.22) (4.55 9.25 8.94) (1.82 5.11 5.06) (6.79 3.38 5.83) (1.86 4.59 5.95) (0.22 9.14 8.47) (6.06 4.03 1.75) (4.34 0.35 9.66) (5.07 3.51 5.64) (1.54 7.81 6.07)
char 50 (e p o) (e s p) (i n c) (f t b) (p a b) (q r r) (p a o) (r n i) (e m r) (f j o) (k n b) (q m j) (o g n) (k o l) (h b b) (r a h) (b a a) (k i g) (k j i) (o t r) (q p d) (q o o) (d o k) (n i c) (s h d) (r p s) (o q q) (r d e) (c g k) (g r m) (d h l) (h i s) (a t p) (j d f) (d o d) (s e i) (a h k) (k k i) (q h m) (k l s) (r k j) (m j e) (e n n) (o p q) (q i n) (f n k) (n g h) (g a s) (f j q) (e j b)
double 53 (7.14 4.4 9.58) (9.41 8.19 8.98) (5.26 0.96 0.35) (5.93 9.18 4.85) (5.44 9.13 3.88) (4.56 9.74 8.95) (3.97 2.53 5.62) (0.88 1.52 8.93) (2.96 8.01 0.69) (2.01 4.16 5.17) (9.53 9.05 2.02) (9.23 2.45 6.9) (8.37 9.57 3.74) (2 3.07 6.38) (5.98 2.97 6.37) (9 2.42 8.66) (7.19 1.2 5.9) (5.91 7.58 1.98) (2.79 9.55 3.84) (4.76 0.46 7.51) (7.23 1.15 6.77) (9.21 7.53 1.03) (8.7 7.73 1.13) (3.49 7.17 3.72) (7.56 4.04 7.02) (1.02 2.9 8.55) (2.67 8.2 5.51) (6.56 2.39 2.86) (6.43 4.37 2.69) (5.73 0.91 6.83) (6.2 3.83 1.79) (8.77 0.2 1.91) (6.95 6.81 1.65) (5.61 0.92 6.81) (2.83 6.16 1.27) (5.86 4.5 7.59) (8.98 7.06 7.3) (4.43 4.7 8.1) (1.27 3.85 4.91) (8.26 9.59 7.61) (9.42 9.74 9.12) (4.09 9.37 8.89) (5.43 9.93 7.85) (1.34 2.59 7.22) (8.85 2.22 8.13) (0.88 8.03 2.11) (7.5 1.07 0.96) (8.43 4.53 8.64) (6.55 7.08 5.2) (5.48 9.8 5.61) (4.93 0.98 5.69) (3.24 4.67 5.33) (0.37 1.23 8.95)
bool 55 (1 1 0) (0 1 0) (0 1 1) (0 0 0) (1 1 1) (0 0 1) (0 1 1) (1 1 1) (1 1 1) (0 0 1) (0 1 0) (0 0 1) (1 1 1) (1 0 1) (0 1 1) (0 0 0) (1 1 1) (0 1 0) (1 0 0) (1 0 0) (0 1 0) (0 0 1) (1 1 0) (0 0 0) (0 1 1) (0 1 1) (0 0 1) (0 0 0) (0 1 1) (1 1 1) (0 1 0) (0 0 0) (0 1 1) (0 0 1) (1 1 0) (1 1 1) (1 0 0) (0 0 0) (1 0 0) (0 1 0) (0 0 1) (0 1 0) (1 1 1) (1 1 1) (0 0 1) (0 1 0) (1 1 0) (0 1 0) (0 1 1) (0 1 0) (0 0 1) (0 0 0) (1 1 1) (1 1 0) (1 1 1)
double 55 (7.01 9.33 1.09) (9.33 3.7 7.61) (9.52 6.68 1.34) (7.29 1.78 9.96) (3.72 8.91 6.96) (8.7 9.86 8.2) (1.18 4.05 5.56) (7.25 8.72 6.92) (4.34 0.3 1.95) (4.84 6.3 6.29) (7.79 0.15 2.61) (4.91 2.02 4.57) (7.02 6.26 0.56) (2.15 5.22 6.16) (1.98 8.39 0.25) (1.81 4.2 5.09) (4.99 8.52 3.7) (2.75 4.34 5.98) (5.9 3.96 2.76) (2.99 6.71 9.24) (8.32 0.48 5.84) (8.97 5.24 7.23) (1.05 2.32 8.43) (9.99 5.65 7.68) (3.76 7.6 3.76) (6.02 0.26 4.04) (8.1 4.75 9.83) (4.77 5.45 8.65) (7.64 2.75 5.78) (4.03 9.16 2.79) (2.28 2.9 2.13) (9.68 2.33 4.54) (9.45 5.27 5.28) (2.4 6.72 8.08) (6.85 5.86 0.31) (6.86 4.16 8.34) (4.63 3.94 0.64) (4.24 2.33 2.64) (5.14 4.51 2.7) (5.02 7.65 8.3) (2.61 6.45 9.69) (2.51 7.63 3.71) (1.4 3.23 7.84) (3.15 1.5 2.15) (5.7 7.77 5.93) (0.67 3.8 0.94) (3.45 5.34 3.6) (2.26 9.71 0.22) (5.39 0.93 8.17) (4.51 0.38 3.67) (7.52 5.11 7.75) (4.15 9.76 4.35) (9.97 7.07 2.15) (3.05 3.97 6.12) (3.17 2.63 6.53)
int 56 (47 73 66) (97 30 19) (36 98 24) (91 93 32) (24 78 37) (49 37 3) (32 96 98) (24 99 39) (49 46 83) (52 92 55) (3 45 70) (79 77 46) (7 40 99) (21 61 98) (27 77 65) (19 54 7) (22 71 72) (78 84 35) (82 55 85) (77 21 12) (2 21 97) (50 19 65) (88 10 39) (25 5 31) (68 37 38) (61 86 54) (15 76 70) (98 35 94) (3 33 88) (54 80 2) (69 56 18) (47 94 75) (29 54 32) (26 65 99) (23 28 10) (41 45 7) (11 79 50) (27 18 10) (6 24 36) (27 38 32) (17 85 27) (61 29 26) (25 72 46) (57 60 90) (94 38 20) (5 56 38) (50 18 94) (5 87 25) (46 86 56) (66 21 79) (50 54 62) (92 72 2) (32 72 49) (88 23 62) (88 61 83) (87 52 85)
int 57 (2 60 66) (17 24 37) (88 40 24) (66 34 79) (46 89 5) (49 65 52) (12 5 61) (62 77 89) (34 38 23) (7 34 29) (34 35 22) (17 93 14) (17 92 75) (56 47 65) (81 17 73) (45 83 35) (15 5 87) (80 15 93) (31 37 98) (10 21 18) (9 11 41) (70 54 28) (96 26 96) (61 56 91) (84 93 99) (53 32 21) (80 3 22) (82 8 50) (87 3 75) (70 18 99) (66 79 64) (23 15 30) (39 4 48) (7 46 96) (84 96 6) (96 83 86) (16 61 90) (68 51 77) (66 4 51) (53 75 76) (76 44 26) (34 17 79) (60 72 84) (79 65 41) (6 10 51) (5 69 30) (73 18 5) (87 93 98) (3 8 38) (10 47 93) (51 22 59) (7 55 82) (82 83 59) (73 61 12) (60 26 62) (66 3 64) (95 69 56)
int 58 (25 82 61) (30 73 63) (16 64 54) (69 24 77) (47 77 72) (37 27 10) (59 92 80) (60 13 45) (31 62 99) (52 52 82) (23 78 16) (17 60 95) (85 30 81) (71 4 5) (92 39 28) (30 3 74) (88 87 40) (36 58 23) (30 23 87) (37 20 49) (9 10 24) (93 42 68) (74 4 61) (18 66 54) (5 79 86) (95 49 48) (44 47 23) (53 43 36) (25 53 29) (51 62 16) (56 5 72) (78 47 49) (55 35 7) (7 66 80) (55 41 49) (51 45 57) (68 49 14) (84 49 50) (68 53 86) (13 41 1) (84 84 38) (95 96 84) (92 52 81) (48 91 38) (80 86 54) (65 38 45) (88 13 76) (53 58 4) (7 62 54) (35 61 97) (11 45 98) (45 93 6) (6 20 25) (3 89 7) (53 3 70) (1 68 33) (25 76 80) (68 90 48)
int 59 (13 21 4) (1 84 44) (37 42 82) (7 63 23) (21 12 54) (38 60 35) (37 51 20) (27 60 46) (9 19 11) (69 63 18) (47 54 46) (52 48 84) (94 82 2) (23 30 51) (63 87 65) (75 40 74) (7 26 72) (7 48 53) (95 71 25) (69 32 96) (59 61 29) (79 52 4) (37 15 71) (14 95 65) (59 57 14) (88 15 39) (2 75 94) (82 75 4) (5 55 20) (93 31 87) (33 84 41) (53 89 93) (46 2 61) (77 16 61) (86 33 81) (81 32 73) (20 58 77) (46 30 10) (70 42 94) (1 20 75) (6 65 99) (12 79 45) (85 67 90) (36 17 38) (14 28 85) (20 34 94) (1 90 86) (25 68 19) (1 4 34) (33 26 32) (90 92 48) (45 63 7) (28 44 55) (85 65 96) (1 17 58) (20 61 27) (32 3 64) (26 49 55) (99 85 16)
int 60 (56 83 42) (20 67 22) (39 28 45) (55 39 52) (80 25 17) (98 54 35) (44 84 32) (42 66 40) (5 88 1) (70 8 47) (21 19 29) (25 79 58) (13 48 58) (93 87 24) (61 44 71) (2 93 64) (14 42 90) (36 6 88) (82 65 7) (50 93 76) (60 49 61) (46 7 88) (41 23 26) (51 15 8) (87 85 15) (30 1 1) (35 2 64) (85 44 58) (85 53 94) (61 85 97) (14 64 48) (62 29 23) (47 4 25) (63 94 62) (12 73 94) (92 94 61) (31 88 81) (31 13 67) (19 86 67) (68 99 26) (79 33 56) (1 78 66) (16 36 25) (16 59 67) (23 10 32) (54 36 51) (72 17 62) (38 32 82) (76 94 30) (75 72 72) (44 87 40) (87 2 30) (37 99 93) (78 1 13) (95 46 33) (60 78 58) (12 14 21) (83 77 16) (22 50 62) (99 28 18)
bool 61 (1 1 0) (0 1 0) (1 0 0) (0 1 1) (1 1 0) (0 0 1) (1 0 0) (1 1 0) (1 1 1) (1 1 0) (1 1 1) (1 1 1) (1 0 0) (0 1 0) (1 0 1) (1 1 1) (1 1 0) (0 1 1) (1 1 1) (1 0 0) (1 1 0) (1 1 0) (0 0 1) (0 0 1) (1 0 0) (1 1 1) (1 0 1) (0 0 1) (1 1 0) (0 0 1) (0 1 1) (1 1 1) (1 1 0) (1 1 0) (1 0 0) (0 1 0) (1 1 0) (0 1 0) (0 1 0) (0 1 0) (0 0 0) (0 0 0) (0 1 0) (0 1 1) (0 1 1) (0 0 0) (1 1 1) (1 0 1) (0 0 1) (1 0 1) (1 0 0) (1 0 0) (1 1 0) (0 0 0) (1 0 0) (1 0 0) (0 0 1) (0 1 0) (1 0 0) (0 1 0) (0 0 0)
char 61 (p i d) (a l h) (h e h) (h r o) (b o n) (f i m) (l b s) (i i s) (a f c) (r r o) (i g q) (s b s) (b e h) (a q g) (i i h) (q d f) (t k o) (r q k) (t i m) (f k s) (c l m) (j h j) (c o q) (r r n) (q t l) (s o m) (b p t) (q i q) (t p l) (c k n) (d c c) (e t r) (g q c) (o g o) (i b r) (q d s) (d j m) (c f j) (l k c) (r t h) (h s f) (j m d) (t q n) (k c o) (t f j) (n s k) (i k a) (c c r) (t j e) (i l t) (h n q) (c j q) (t q e) (p j e) (f m c) (l q t) (b l q) (a c f) (h l r) (j b m) (f d a)
double 61 (0.53 7.8 3.72) (8.54 3.88 1.5) (0.82 6.25 7.2) (5.25 6.18 1.29) (8.6 8.3 2.12) (3.98 1.21 5.3) (8.92 7.55 3.07) (6.53 6.96 9.16) (7.86 9.03 3.28) (0.46 3.8 2.71) (6.55 9.23 6.19) (3.84 9.82 3.82) (6.72 9.55 8.99) (1.48 6.29 4.81) (7.39 8.47 7.03) (1.35 2.51 7.32) (3.33 9.58 9.39) (4.88 5.19 4.11) (3.6 7.44 6.47) (9.73 8.57 3.7) (1.81 3.08 9.12) (9.28 6.09 7.65) (0.27 5.6 4.45) (8.35 5.57 9.31) (3.83 1.7 5.21) (6.79 3.92 0.63) (1.79 5.97 9.76) (5.19 6.65 9.4) (0.12 8.66 5.46) (0.88 6.12 9.62) (2.01 1.96 0.9) (8.99 8.37 4.34) (4.84 9.79 8.98) (3.29 6.35 8.11) (6.63 2.59 5.46) (8.31 4.39 8.29) (2.3 4.49 9.01) (8.67 2.59 8.8) (5.43 7.41 6.9) (4.48 7.68 6.98) (4.23 3.05 7.57) (0.59 8.36 3.09) (5.4 0.07 8.75) (3.08 2.73 6.8) (0.97 7.89 5) (4.06 6.82 2) (8.95 5.14 2.11) (7.56 2.28 0.87) (1.95 9.79 1.88) (9.84 3.15 4.1) (4.39 2.96 9.84) (9.3 8.13 7.63) (0.53 1.84 4.64) (7.79 7.94 1.22) (9.5 0.1 5.84) (2.68 4.42 5.92) (1.56 0.16 2.94) (7.96 2.95 2.32) (9.5 0.69 4.18) (6.15 4.48 4.48) (7.58 2.72 9.33)
double 62 (4.56 8.96 9.51) (4.21 9.82 6.95) (1.7 8.31 9.3) (1.35 0.91 1.29) (3.18 5.27 1.86) (1.23 6.37 2.46) (5.96 8.21 8.51) (0.84 1.66 6.65) (0.87 6.66 1.45) (0.81 5.13 3.58) (8.12 0.06 8.67) (9.12 3.81 9.08) (2.02 7.12 2.43) (0.07 2 9.84) (7.2 3 7.01) (9.9 0.93 3.29) (4.44 1.44 8) (8.96 0.13 8.12) (5.97 2.59 0.23) (6.53 6.63 1.77) (9.88 9.52 6.84) (3.13 6.35 2.08) (4.74 0.87 7.93) (1.11 9.56 5.98) (8.13 9.83 2.09) (9.9 3.33 9.5) (7.87 5.66 2.5) (3.78 3.59 6.13) (2.08 6.72 1.67) (7.79 4.45 5.05) (6.5 9.91 1.16) (3.53 1.41 2.74) (0.14 1.64 2.24) (9.39 8.28 1.79) (3.41 7.63 1.51) (8.34 1.14 0.83) (6.88 9.48 5.65) (6.53 0.51 5.33) (9.04 2.78 4.93) (8.23 3.79 7.11) (5.31 3.44 2.54) (4.06 7.44 7.99) (7.77 1.77 4.88) (6.42 4.97 7.71) (8.29 3 4.08) (8.53 1.75 8.81) (8.92 0.52 4.19) (7.8 3.83 4.14) (7.5 8.82 7.38) (9.15 3.4 4.63) (3.4 6.99 2.26) (1.79 9.52 7.82) (0.97 6.33 9.93) (7.2 7.13 4.43) (8.43 4.64 0.67) (9.63 5.79 9.69) (9.83 5.33 6.45) (6.09 4.63 7.44) (3.47 5.23 2.78) (7.24 9.12 5.7) (6.81 3.56 0.35) (7.24 7.21 9.34)
bool 62 (1 1 0) (1 0 0) (0 0 0) (0 0 0) (1 0 0) (0 1 0) (1 0 1) (1 1 1) (1 1 1) (1 1 1) (1 0 1) (0 1 1) (0 1 0) (0 0 0) (0 1 1) (0 1 0) (0 1 1) (0 0 1) (1 1 0) (1 1 0) (0 0 1) (0 0 1) (0 0 0) (1 1 1) (1 0 1) (0 0 1) (1 0 1) (0 1 0) (1 0 1) (0 1 1) (1 1 0) (1 0 1) (0 0 0) (1 0 0) (1 0 1) (0 1 0) (1 0 1) (0 0 1) (0 1 1) (0 1 0) (0 0 0) (0 1 0) (1 1 1) (1 1 1) (1 1 0) (1 1 0) (1 0 0) (1 1 0) (0 1 1) (1 0 1) (1 1 0) (0 0 0) (0 0 0) (0 1 1) (0 1 0) (0 0 1) (1 1 1) (1 0 0) (1 0 0) (1 0 0) (0 0 1) (0 0 0)
char 62 (o g r) (l r p) (m a f) (b f q) (l t h) (n b e) (k d n) (t r o) (h q q) (d i e) (k m h) (r g d) (i t e) (n m g) (b e r) (q b t) (s p e) (f i m) (o m c) (i r o) (i t a) (c d l) (o t n) (b f l) (f n q) (p b t) (o c k) (j f i) (b j k) (a m n) (d s d) (o j t) (b c k) (t d m) (s n e) (b n e) (p n d) (f c l) (h c q) (l i p) (q o c) (c h f) (m l f) (l t d) (e k o) (o c g) (t q g) (i f k) (s j k) (d p h) (i r h) (i h b) (t f s) (m s b) (q b k) (d h e) (d c t) (k j g) (s g q) (e b i) (g p n) (p l e)
double 63 (4.17 6.82 6.83) (7.23 0.93 0.78) (7.75 7.59 7.62) (3.4 0.44 3.86) (0.39 1.73 4.24) (7.88 1.37 5.83) (6.81 9.61 0.94) (8.99 7.18 5.32) (9.69 1.11 2.15) (0.66 5.94 4.18) (9.06 8.2 6.11) (8.46 5 2.36) (0.02 7.98 0.71) (2.85 8.09 0.77) (3.59 4.12 7.56) (9.24 4.93 8.55) (7.02 9.38 8.19) (8.16 1.85 4.29) (9.36 7.44 1.6) (0.79 6.15 1.39) (9.3 3.32 2.61) (1.95 8.4 2.54) (6.43 1.8 3.46) (0.15 6.42 8.43) (3.35 6.92 9.42) (7.69 9.72 8.01) (4.98 4.57 7.23) (9.1 4.18 3.45) (8.62 8.07 6.48) (6.89 0.17 0.42) (7.43 4.88 5.71) (2.58 0.75 1.73) (1.86 8.25 5.18) (6.31 8.81 1.98) (8.34 0.36 1.3) (5.61 4.86 2.81) (8.39 7.82 6.98) (7.23 4.61 1.65) (5.17 2.83 8.66) (8.05 6.75 9.4) (7.5 1.99 2.96) (4.67 0.15 7.41) (1.08 0.59 3.16) (6.56 4.47 9.59) (0.74 3.7 7.13) (7.02 3.95 8.77) (6.45 9.89 6.88) (1.47 0.71 0.58) (9.18 1.61 6.23) (0.58 2.62 3.18) (1.87 9.01 3.47) (2.73 6.95 3.97) (5.23 0.35 7.12) (8.78 2.76 4.63) (3.12 6.4 7.52) (2.9 3.28 4.45) (0.07 5.43 1.38) (5.49 0.84 8.97) (2.47 2.91 6.86) (9 2.07 9.41) (8.78 9.03 8.12) (8.45 8.16 3.7) (3.91 1.73 7.83)
int 63 (76 91 74) (50 51 61) (42 96 71) (81 3 54) (38 64 98) (29 88 94) (71 35 75) (90 14 58) (10 61 26) (73 67 53) (7 86 12) (35 81 19) (50 81 52) (68 57 35) (68 38 1) (99 41 12) (53 68 15) (52 69 86) (71 7 78) (14 29 32) (36 62 91) (87 2 35) (25 34 50) (63 36 18) (58 88 8) (90 67 52) (93 62 86) (7 30 84) (23 74 41) (35 37 66) (12 31 38) (6 25 5) (75 75 64) (35 82 23) (50 68 63) (66 34 47) (5 92 46) (83 18 82) (32 16 77) (46 93 92) (53 69 33) (75 10 7) (58 86 11) (38 23 98) (39 1 8) (63 24 71) (68 72 3) (37 77 60) (9 19 73) (60 54 17) (52 16 89) (33 85 93) (52 44 89) (92 90 22) (43 89 50) (37 59 71) (41 42 6) (80 6 99) (11 90 66) (39 87 38) (90 7 17) (84 66 60) (43 89 49)
int 64 (97 22 14) (65 99 88) (96 57 19) (50 37 12) (46 78 37) (64 18 26) (6 58 86) (91 86 8) (53 88 20) (30 26 72) (93 86 21) (51 39 32) (97 91 30) (74 81 72) (61 36 98) (98 36 13) (14 63 67) (70 65 95) (73 36 93) (58 13 65) (89 55 12) (47 7 46) (66 63 27) (43 39 18) (73 44 42) (63 17 65) (41 2 42) (80 52 18) (25 69 81) (29 32 14) (69 47 36) (37 22 28) (56 66 42) (31 91 54) (60 83 31) (55 90 81) (11 17 5) (97 21 1) (1 24 25) (91 40 4) (44 67 97) (37 62 81) (58 44 84) (89 46 67) (21 5 85) (69 76 96) (50 10 56) (81 93 18) (27 92 41) (61 11 22) (41 2 31) (84 18 10) (56 80 49) (53 35 33) (61 96 58) (21 32 60) (99 40 85) (23 3 38) (65 16 56) (20 29 70) (11 5 63) (97 29 64) (2 77 88) (71 41 62)
bool 65 (0 1 1) (0 1 1) (1 1 1) (0 1 1) (0 0 1) (1 0 1) (0 0 0) (1 1 1) (1 0 1) (1 0 0) (1 0 0) (1 0 0) (0 0 0) (0 0 0) (0 1 0) (0 1 1) (0 0 0) (0 1 1) (1 1 0) (1 1 0) (0 0 0) (1 1 1) (1 0 0) (1 0 1) (1 0 1) (0 0 0) (0 1 1) (0 0 0) (1 1 1) (0 1 0) (0 1 0) (1 0 1) (0 0 0) (1 1 0) (1 1 0) (0 1 0) (1 1 1) (0 0 0) (1 0 0) (0 1 0) (1 0 0) (1 0 1) (0 0 0) (1 1 1) (0 0 1) (0 1 1) (1 1 0) (0 0 0) (1 1 1) (1 1 0) (0 0 0) (1 1 0) (0 1 0) (1 1 0) (0 0 1) (1 0 1) (0 1 1) (1 0 1) (0 1 0) (0 1 1) (1 1 1) (1 1 1) (1 1 0) (1 1 0) (0 0 1)
bool 67 (0 1 0) (0 1 0) (1 1 1) (0 0 1) (1 1 1) (0 0 0) (0 0 0) (0 1 0) (1 1 1) (0 1 1) (0 1 1) (1 0 0) (1 0 0) (0 0 0) (1 1 0) (0 1 1) (0 0 0) (1 0 1) (1 1 0) (0 1 1) (0 1 0) (0 0 1) (1 1 0) (0 1 1) (1 1 0) (0 0 1) (0 1 1) (0 1 1) (1 1 0) (0 0 1) (1 0 0) (0 0 1) (0 0 1) (0 1 0) (0 1 0) (1 0 1) (0 0 1) (1 1 1) (0 0 0) (1 0 0) (1 1 0) (1 0 0) (1 1 0) (0 1 0) (0 0 0) (1 1 0) (0 0 0) (1 1 0) (1 0 0) (0 0 0) (1 0 0) (1 0 0) (0 1 1) (1 1 1) (0 0 0) (0 0 0) (0 0 0) (1 0 0) (1 0 0) (1 1 0) (1 0 1) (0 0 0) (0 0 0) (1 1 0) (1 1 1) (0 1 0) (0 1 1)
bool 67 (1 1 0) (1 0 0) (1 1 0) (0 1 0) (0 0 0) (0 0 0) (1 0 1) (1 0 1) (0 1 0) (0 0 0) (0 1 0) (0 1 0) (1 0 0) (1 0 1) (1 0 0) (0 0 1) (1 0 1) (0 0 1) (0 1 0) (0 1 1) (1 1 1) (0 1 0) (1 0 1) (0 1 1) (0 0 1) (1 0 0) (0 0 0) (1 0 0) (0 1 1) (1 0 1) (1 1 0) (1 1 0) (1 1 0) (1 0 0) (0 1 0) (0 0 1) (1 1 0) (1 1 0) (0 0 1) (1 0 0) (1 0 0) (1 0 0) (0 0 0) (0 1 1) (1 1 1) (1 0 0) (1 1 0) (0 0 0) (0 1 1) (0 1 1) (1 0 1) (1 1 0) (1 0 1) (1 0 1) (1 0 1) (0 1 1) (1 1 0) (0 0 0) (0 0 1) (1 1 0) (0 1 0) (1 0 1) (0 0 0) (1 1 0) (0 0 0) (1 0 0) (0 0 1)
double 68 (1.33 8.41 2.02) (8.57 4.92 0.27) (1.07 6.06 0.39) (8.8 5.15 5.61) (6.75 1.86 7.75) (6.25 8.79 3.53) (5.52 9.41 9.4) (1.52 2.09 7.7) (0.07 8.14 1.06) (4.9 9.65 7.46) (0.61 4.47 6.96) (2.89 5.39 4.57) (1.49 5.29 2.87) (8.28 6.82 0.64) (1.04 3.06 9.98) (1.15 1.51 9.36) (2.58 7.89 6.24) (1.56 9.31 8.46) (6.56 8.32 1.44) (4.06 3.45 6.18) (7.24 3.13 2.07) (3.72 1.2 5.28) (6.33 9.76 4.98) (8.9 5 4.79) (9.4 7.28 6.86) (8.77 2.67 9.77) (3.79 9.2 8.99) (1.11 0.79 9.84) (2.52 3.52 1.05) (7.64 2.48 1.57) (9.52 6.49 8.03) (7.27 2.99 7.92) (4.52 0.76 5.97) (9.74 1.39 3.51) (9.81 0.74 0.61) (5.89 2.44 6.68) (5.69 2.91 9.89) (9.76 9.23 5.46) (8.93 5.42 4.73) (8.58 8.1 2.91) (9.95 6.89 2.94) (0.55 5.26 7.19) (6.43 2.73 6.04) (3.65 9 2.32) (9.47 5.92 0.49) (5.73 4.19 3.01) (2.26 1.37 7.22) (0.41 9.7 7.21) (8.1 9.32 8) (5.9 0.65 3.62) (8.27 4.34 2.88) (9.31 4.22 8.02) (8.21 4.43 0.49) (5.71 1.89 5.27) (6.69 1.12 5.4) (0.71 4.59 8.18) (6.53 7.75 8.1) (7.6 6.2 9.35) (8.57 1.37 7.22) (3.78 9.6 5.56) (2.9 6.16 3.48) (8.98 9.7 8.97) (2.51 3.43 4.05) (3.12 9.81 7.75) (5.18 5.61 4.55) (8.13 4.33 6.64) (5.35 9.46 9.51) (9.88 4.08 4.85)
bool 69 (1 1 1) (1 1 1) (0 0 0) (1 0 0) (0 1 0) (0 0 1) (1 1 1) (0 1 0) (0 1 1) (0 0 1) (1 1 0) (1 0 1) (1 1 0) (0 0 0) (0 0 0) (1 1 0) (1 0 0) (1 1 1) (0 1 0) (0 0 0) (1 1 1) (0 0 0) (1 1 0) (1 1 1) (0 1 0) (1 0 1) (0 1 0) (0 0 1) (1 1 1) (1 0 0) (1 0 0) (1 1 0) (0 0 1) (0 0 1) (0 0 1) (0 0 1) (1 1 1) (0 1 1) (0 0 1) (0 1 1) (1 0 1) (1 1 1) (0 1 1) (1 1 0) (1 0 0) (1 1 1) (0 1 0) (0 1 0) (0 1 1) (0 1 1) (1 0 1) (0 1 0) (1 1 1) (0 1 0) (0 1 0) (0 0 1) (1 0 0) (1 0 1) (0 1 1) (0 0 1) (1 1 1) (1 1 1) (1 1 1) (0 0 0) (1 0 1) (1 1 1) (0 0 1) (0 0 1) (1 1 0)
double 69 (5.26 4.36 0.42) (9.2 3.1 8.2) (6.29 3.8 4.33) (9.82 9.88 3.47) (5.44 1.98 7.15) (3.33 2.37 5.56) (9.93 5.07 2.44) (0.4 8.21 0.07) (1.27 2.15 0.95) (8.05 2.79 9.63) (7.85 0.17 8.69) (8.64 2.43 0.33) (5.7 3.31 7.29) (6.69 8.34 3.74) (1.4 1.67 3.17) (9.2 3.47 4.87) (4.27 7 8.88) (7.37 6.58 1.52) (8.98 2.92 9.01) (4.23 2.66 2.17) (6.39 0.57 3.02) (8.74 9.11 6.46) (4.03 5.77 8.22) (6.06 5.12 2.91) (3.15 8.65 1.54) (1.39 1.86 0.31) (8.27 7.33 7.01) (3.71 4.18 9.65) (9.87 8.91 6.98) (6.29 1.36 1.25) (0.76 7.98 2.36) (2.26 3.39 0.37) (3.65 1.14 7.7) (6.59 6.99 8.68) (8.76 1.56 8.67) (9.2 3.85 8.49) (3.03 3.57 8.8) (8.63 6.79 2.4) (9.36 3.74 1.18) (7.21 3.86 1.76) (7.65 0.65 4.99) (8.89 0.79 7.21) (5.11 7.41 9.95) (5.98 6.13 0.95) (2.79 6.3 0.26) (7.54 3.78 2.8) (6.36 2.96 3.05) (5.06 9.16 8.6) (0.52 3.73 9.14) (5.43 1.46 8.12) (5.81 9.33 2.79) (7.33 7.41 7.7) (0.33 5.64 2.2) (3.7 8.81 3.67) (9.56 0.75 7.41) (3.94 3.5 8.13) (1.99 0.28 5.21) (7.44 2.72 4.76) (2.28 4.47 3.32) (1.63 0.67 4.07) (2.93 3.81 5.84) (0.81 3.33 0.07) (7.61 7.19 3.54) (0.13 3.8 8.63) (4.61 0.76 8) (2.98 3.76 3.74) (7.57 1.47 0.57) (5.14 8.42 8.67) (3.34 8.74 8.98)
char 69 (f f p) (j t p) (m p b) (a q f) (g h o) (e i n) (p i n) (a r n) (s h p) (r i k) (g m j) (j e g) (f d i) (l g e) (m t o) (e t i) (d s n) (c p k) (l a i) (q r r) (k l p) (f d e) (t k a) (f m s) (s a a) (k c p) (i t s) (o g a) (h i f) (j p s) (o a g) (j o p) (e k k) (j c t) (d d g) (o n f) (k q m) (g e e) (l p r) (j k c) (m j h) (s g m) (s i e) (n a r) (o d b) (c m l) (j l m) (r s b) (r l i) (n d n) (t r s) (f b n) (c m e) (s n b) (r i f) (l e f) (l l t) (e l p) (p q i) (l c b) (b m l) (a s s) (t t b) (e l e) (f e k) (p n o) (k e i) (j d p) (r p o)
bool 69 (1 1 1) (0 0 1) (1 1 1) (0 0 1) (0 0 0) (1 0 1) (0 0 1) (0 0 1) (0 0 0) (1 0 1) (1 0 1) (1 1 1) (1 1 1) (0 1 1) (0 0 0) (1 0 0) (1 1 0) (0 0 1) (1 0 1) (1 1 0) (1 0 0) (1 0 0) (1 1 0) (1 0 0) (0 1 1) (1 1 0) (0 0 1) (0 1 0) (1 0 1) (0 1 1) (0 1 0) (1 1 1) (1 0 0) (0 0 0) (0 0 1) (0 1 1) (0 0 0) (1 1 0) (1 1 1) (1 0 1) (0 0 1) (0 1 0) (0 0 0) (1 0 0) (1 0 0) (0 0 0) (0 0 1) (0 0 0) (0 0 1) (1 1 1) (1 1 0) (1 0 1) (1 1 0) (0 1 0) (1 1 0) (1 0 0) (1 1 0) (0 1 1) (1 1 0) (0 0 0) (1 1 0) (0 0 1) (0 1 1) (0 1 1) (1 1 0) (0 1 0) (1 1 1) (1 1 1) (1 1 1)
char 70 (n l j) (c t n) (b o q) (g m o) (p m p) (q k q) (s a k) (j l m) (p r b) (a h q) (p r a) (q o s) (k b k) (i t o) (s g o) (r r h) (p d f) (d h s) (g c f) (e p c) (a b c) (c t r) (h e f) (k f n) (q a o) (g c g) (k e q) (f l l) (o l b) (j e m) (j k d) (r a g) (t p d) (l g n) (j k k) (o j t) (h a p) (r k p) (a e m) (s c n) (q f m) (i j j) (s q t) (s a a) (p g h) (e e e) (d l i) (e s f) (j a b) (p e e) (k i g) (i h p) (g c k) (a l c) (i g k) (f n e) (i m j) (m g t) (h g t) (g k i) (g h r) (i d d) (r a a) (b r p) (b p k) (s b h) (m b g) (m n b) (i j o) (p o a)
char 72 (b s j) (h p t) (c c s) (r r s) (p l h) (r r p) (o e d) (b q s) (l r d) (j f e) (j g l) (r f q) (i b o) (r t g) (k l n) (p b g) (d p m) (h g n) (h l k) (c s q) (p d g) (c j r) (r g c) (e o q) (i d m) (b j a) (b t i) (i i c) (d c a) (e b g) (p e s) (n a n) (h l f) (k j d) (n d r) (s g e) (q i d) (n a g) (o e g) (n a i) (d l g) (i b l) (f d g) (n e j) (i d i) (m e d) (l c q) (c c o) (b e c) (m j p) (s c l) (g g j) (b j o) (i c a) (d r d) (g j r) (j c p) (q j s) (e k l) (i s k) (o o a) (f n l) (q r i) (s l l) (p a d) (b m h) (j r b) (c e m) (f r c) (s i g) (p l g) (i t h)
int 75 (92 95 13) (18 13 99) (57 67 62) (25 83 56) (94 77 54) (80 92 24) (17 32 57) (16 42 35) (98 20 21) (57 3 37) (82 88 91) (42 16 65) (49 7 5) (77 42 3) (88 48 72) (29 69 98) (37 96 83) (35 72 79) (32 6 64) (2 87 45) (58 14 48) (79 53 55) (61 50 10) (53 74 35) (68 38 30) (34 8 86) (21 78 73) (6 15 97) (4 13 9) (30 85 25) (77 11 88) (38 68 30) (91 29 22) (68 74 82) (28 51 53) (71 47 22) (30 94 45) (57 2 72) (97 14 98) (31 54 8) (51 1 7) (14 50 94) (76 35 24) (74 27 32) (81 18 79) (28 41 94) (1 86 90) (62 38 42) (11 9 24) (19 99 44) (44 25 17) (35 95 29) (59 31 79) (58 25 87) (64 15 88) (93 52 96) (81 76 83) (78 26 23) (26 30 50) (37 13 91) (87 32 4) (86 54 19) (63 9 98) (87 95 49) (87 27 20) (10 77 10) (82 96 51) (78 32 46) (44 15 47) (81 84 54) (53 7 55) (73 57 13) (31 42 94) (55 95 52) (16 30 70)
bool 76 (0 1 1) (0 0 1) (0 1 1) (1 1 0) (0 1 1) (0 1 1) (0 0 0) (1 0 1) (1 1 0) (0 0 1) (1 0 1) (1 0 0) (1 0 1) (1 0 0) (0 1 1) (1 1 0) (0 1 0) (1 0 0) (1 1 1) (1 1 0) (0 0 1) (0 0 0) (0 1 1) (0 1 1) (0 1 0) (1 0 0) (1 1 1) (1 0 1) (1 0 1) (1 1 0) (1 1 0) (0 1 0) (1 1 1) (0 1 1) (0 1 0) (1 1 1) (1 1 1) (1 0 0) (1 0 1) (0 1 1) (1 0 0) (0 1 1) (1 1 0) (1 0 1) (0 1 1) (1 0 1) (0 0 1) (1 0 0) (1 1 0) (1 0 1) (0 1 0) (0 1 0) (0 0 1) (1 1 1) (1 0 1) (1 0 1) (1 1 0) (1 0 0) (1 1 1) (1 1 0) (0 0 0) (0 1 1) (1 0 0) (1 1 1) (0 0 1) (1 1 0) (1 0 0) (0 1 0) (0 0 1) (1 1 1) (0 0 1) (0 0 0) (1 0 0) (0 1 0) (0 0 0) (1 1 0)
char 77 (n t i) (k k j) (k e r) (n r i) (c o t) (s m o) (k f r) (f p s) (l k s) (d j s) (q o l) (b f l) (k b m) (g j c) (d j e) (d q q) (f f d) (e s d) (q e o) (i g b) (p b o) (k g h) (o q q) (t f e) (a k q) (m a t) (m q l) (f j b) (t m c) (h j s) (b a b) (l d i) (j i d) (i o t) (c c h) (e i s) (a m g) (a i r) (t s q) (a c g) (b b e) (m c e) (f r a) (b n b) (n n f) (q n h) (k m n) (r g a) (f a f) (o g c) (t q j) (a b j) (j q a) (p g d) (q k d) (q b j) (m p p) (h q i) (h c l) (p r i) (f j h) (i c d) (l i e) (i f a) (s c p) (k n h) (d m t) (b f s) (f c m) (o n c) (p p k) (i e k) (i o b) (f t d) (h j f) (i t n) (f r m)
bool 77 (0 1 0) (0 1 1) (1 1 0) (0 1 1) (0 1 0) (0 0 1) (1 1 1) (1 0 0) (0 1 1) (1 0 0) (1 1 1) (1 1 0) (0 1 1) (0 1 1) (0 1 0) (1 1 1) (0 1 0) (0 0 0) (1 0 0) (0 1 1) (0 0 0) (1 0 1) (0 1 0) (0 1 1) (0 1 1) (0 0 1) (0 1 1) (0 0 0) (1 1 1) (1 1 0) (0 1 0) (1 1 1) (1 0 0) (0 0 0) (1 1 0) (0 0 1) (0 0 1) (1 0 0) (1 1 0) (1 1 0) (1 1 0) (0 0 0) (0 1 1) (0 0 0) (1 1 0) (0 0 0) (1 0 1) (1 1 1) (1 0 0) (1 0 0) (1 0 0) (0 1 1) (1 0 0) (0 0 1) (0 0 1) (0 0 0) (0 1 1) (1 1 0) (0 1 1) (0 0 0) (1 0 0) (1 0 1) (0 1 1) (1 1 0) (1 0 0) (1 1 1) (0 1 0) (1 0 0) (1 1 1) (1 0 0) (0 0 0) (0 1 1) (1 1 0) (1 0 0) (0 1 0) (1 0 1) (1 0 1)
double 78 (2.17 0.43 9.17) (8.38 9.69 0.2) (1.73 4.77 4.65) (2.84 3.26 3.44) (2.9 8.48 1.47) (1.94 6.87 7.24) (4.23 9.63 7.68) (6.12 3.55 1.03) (2.54 9.3 1.44) (5.09 5.95 5.23) (1.68 8.49 4.36) (5.44 7.44 2.75) (3.8 5.69 0.87) (6.71 1.31 4.03) (5.27 7.27 6.37) (4.16 9.3 5.39) (7.47 2.85 9.34) (7.23 7.91 4.9) (5.59 7.42 7.64) (7.2 3.27 0.55) (1.98 1.97 2.52) (7.71 2.4 6.84) (5.67 6.64 0.4) (5.08 3.89 8.19) (7.14 5.74 5.76) (1.22 7.43 5.16) (7.67 0.47 6.87) (5.49 6.67 2.59) (2.79 1.54 8) (5.03 1.38 7.44) (6.91 4.26 6.97) (1.29 5.17 7.3) (6.38 3.89 5.15) (2.59 9.31 8.48) (7.56 1.47 1.03) (3.44 4.31 8.55) (5.68 2.57 6) (5.62 0.46 9.21) (6.09 2.68 7.58) (1.13 2.87 5.19) (7.39 7.92 5.02) (1.32 9.51 7.49) (6.84 6.4 3.66) (0.68 9.23 5.21) (2.19 3.79 0.38) (7.15 9.4 2.74) (9.81 1.17 9.95) (2.94 1.62 5.09) (5.4 1.91 0.96) (5.82 3.45 6.36) (9.44 9.84 9.13) (5.32 0.26 9.56) (8.33 1.71 6.48) (4.29 3.89 4.66) (4.61 2.43 6.1) (6.61 9.69 1.28) (8.01 9.05 0.51) (7.18 0.12 2.24) (9.53 1.51 5.1) (2.81 0.82 5.98) (7.66 1.11 8.8) (1.88 8 7.06) (8.03 6.81 0.64) (1.34 5.81 7.03) (6.25 1.72 2.34) (2.6 6.78 9.66) (0.1 9.37 2.01) (0.24 4.62 4.67) (2.84 8.08 2.54) (1.85 5.2 3.11) (4.93 6.49 1.32) (0.63 1.12 8.62) (8.7 5.43 9.37) (8.26 3.22 2.33) (5.99 6.17 9.86) (6.16 1.49 9.11) (5.96 6.25 9.57) (2.36 5.11 9.22)
double 79 (3.63 4.86 7.36) (4.73 4.97 9.9) (1.53 3.17 0.92) (2.42 9.49 6.72) (3.93 5.08 3.42) (2.29 6.05 7.92) (5.25 2.04 2.57) (4.49 3.16 1.58) (7.57 0.98 7.95) (3.47 3.17 2.58) (1.88 9.08 4.66) (1.24 4.17 4.57) (5.71 7.88 5.07) (4.59 3.59 0.74) (7.78 9.26 1.37) (7.45 0.67 7.89) (4.22 1.74 0.48) (7.83 2.46 8.5) (3.13 9.48 8.79) (7.36 9.19 8.91) (2.5 7.52 8.46) (8.23 0.63 9.04) (2.58 7.73 0.45) (3.47 9.11 2.72) (7.06 0.15 0.34) (6.06 5.2 0.83) (7.18 8.76 9.76) (8.64 0.23 3.15) (2.56 9.53 6.17) (2.56 7.87 3.93) (9.16 2.82 9.49) (0.43 9.35 5.34) (3.95 1.09 9.44) (7.34 0.04 7.12) (7.02 1.98 1.57) (5.77 6.21 3.12) (7.5 6.4 1.21) (5.92 3.62 0.01) (5.54 6.94 2.59) (2.99 5.07 0.65) (5.47 3.2 0.16) (8.56 5.82 2.1) (3.01 6.04 5.36) (2.68 0.32 9.97) (2.24 3.93 3.43) (7.53 0.44 9.92) (8.21 2.71 5.06) (5.01 3.51 3.67) (4.91 1.95 0.53) (6.2 9.42 6.23) (3.9 7.5 9.86) (2.41 4.12 9.98) (4.11 2.47 6.12) (9.62 9.4 8.67) (1.76 3.46 2.12) (9.75 6.89 2.02) (1.88 0.24 2.7) (7.13 8.75 6.58) (5.98 5.01 5.88) (4.87 6.74 9.75) (0.36 3 7.51) (7.49 2.1 4.4) (7.82 9.31 4.33) (1.72 5.54 2.51) (3.49 2.87 8.42) (9.72 9.03 4.14) (8.69 9.96 4.5) (3.81 8.02 1.44) (9.05 1.73 5.49) (6.46 9.37 4.21) (8.96 8.38 0.56) (8.07 2.15 2.21) (9.81 9.46 7.06) (3.92 3.61 7.41) (9.25 5.97 5.45) (0.85 9.06 9.59) (5.86 7.69 6.43) (9.38 2.47 0.82) (9.59 8.79 4.29)
double 82 (7.49 0.47 7.76) (3.12 6.7 0.43) (3.05 8.75 4.65) (1.8 5.73 6.45) (0.84 0.48 4.99) (4.91 4.84 1.42) (3.46 4.6 7.48) (9.62 3.81 1.3) (1.61 2.92 0.98) (9.07 2.37 7.87) (4.56 0.74 9.91) (1.31 7.64 2.41) (9.29 7.49 0.88) (9.72 8.61 7.38) (1.29 5.05 5.68) (5.28 3.54 3.81) (0.13 2.05 2) (3.74 3.48 5.29) (5.03 4.26 0.78) (0.22 3.94 5.7) (2.72 6.17 7.63) (9.51 4.68 7.35) (4.15 6.85 9.61) (8.99 4.55 0.38) (9.3 1.78 0.52) (1.36 9.67 6.79) (6.98 3.31 4.69) (6.5 7.57 5.21) (6.33 7.79 8.24) (6.97 2.08 4.06) (7.14 8.4 1.05) (2 2.65 0.69) (0.74 3.72 6.81) (3.38 0.16 6.86) (3.09 7.16 3.27) (6.77 3.45 8.72) (3.22 8.46 8.22) (2.43 1.89 3.11) (2.51 7.39 7.69) (7.94 1.55 8.06) (2.86 1.86 0.21) (2.78 7.9 0.37) (0.51 4.62 1.98) (9.71 6.44 5.31) (4.26 3.96 1.15) (6.27 0.06 8.38) (9.54 7.56 8.34) (2.43 4.92 5.28) (4.86 8.33 0.99) (3.14 2.87 0.2) (7.21 7 3.61) (8.24 0.42 7.96) (8.64 9.6 0.71) (6.97 2.71 7.27) (2.83 2.29 9.17) (6.59 7.8 5.18) (4.06 5.01 6.11) (2.72 4.42 0.41) (2.44 5.7 1.73) (8.1 4.75 3.35) (4.62 7.49 2.98) (4.01 9.14 4.94) (7.43 4.33 6.63) (2.58 6.32 8.82) (8.64 1.44 6.96) (7.65 3.02 4.43) (9.07 7.96 7.23) (4.97 3.24 5.31) (7.65 8.85 7.34) (7.83 2.92 7.71) (8.21 1.69 7.35) (4.93 6.28 9.31) (2.35 0.87 3.7) (2.63 5.27 7.23) (7.72 7.92 4.75) (8.73 2.39 8.97) (9.4 0.76 6.07) (1.47 1.8 0.37) (9.67 4.63 8.95) (1.53 4.94 1.66) (4.84 5.24 2.54) (8.3 2.27 1.71)
bool 83 (0 1 1) (1 0 0) (1 1 0) (0 1 0) (0 1 1) (0 0 0) (0 0 0) (0 1 0) (0 0 0) (1 1 0) (0 0 0) (1 1 0) (0 0 0) (0 0 0) (0 0 1) (0 1 1) (1 0 1) (0 0 1) (0 0 1) (1 1 0) (0 1 1) (1 0 0) (1 0 1) (1 1 1) (0 1 0) (0 1 1) (1 0 0) (1 1 0) (1 0 1) (1 1 0) (1 1 1) (1 0 0) (0 1 1) (0 0 1) (1 1 1) (1 1 1) (1 1 1) (0 1 1) (0 1 1) (1 1 1) (0 1 1) (1 1 0) (1 1 0) (0 1 1) (1 1 1) (0 0 1) (0 0 0) (1 1 1) (1 1 1) (0 0 0) (1 1 1) (0 0 1) (1 0 0) (1 1 1) (0 1 1) (0 1 0) (0 1 0) (1 0 0) (0 1 0) (1 0 1) (0 1 0) (0 0 1) (0 0 1) (1 1 1) (1 1 1) (1 1 0) (1 0 0) (1 1 0) (1 1 0) (0 0 1) (0 0 1) (0 0 1) (0 0 0) (1 0 1) (1 1 1) (0 1 0) (0 0 1) (1 1 1) (0 1 1) (1 0 1) (0 1 1) (0 1 0) (1 0 0)
double 83 (7.45 4.06 3.09) (4.74 9.78 2.19) (4.3 6.31 3.89) (5.43 9.91 3.03) (4.27 9.92 7.44) (0.21 3.86 1.91) (9.76 3.78 1.03) (0.56 5.07 5.68) (1.75 6.54 7.77) (6.62 4.85 8.01) (0.4 7.73 8.42) (2.7 9.46 8.59) (4.29 6.09 5.59) (4.3 6.32 2.33) (1.48 7.73 2.49) (0.84 0.53 3.54) (0.25 2.5 4.03) (1.92 3.89 0.95) (2.63 0.26 0.55) (8.8 0.91 0.24) (0.51 2.15 3.93) (7.49 4.96 2.38) (6.92 9.73 4) (9.08 7.56 2.92) (5.05 3.24 1.33) (2.33 5.66 9.18) (8.73 8.55 7.14) (4.92 3.27 0.14) (9.8 2.8 8.83) (9.04 9.26 0.3) (9.45 6.38 6.85) (5.2 3.09 3.87) (3.53 8.65 6.92) (5.53 4.19 5.76) (9.41 8.77 6.88) (8.18 3.39 1.07) (6.91 6.76 5.47) (0.4 1.47 5.41) (6.6 8.16 5.58) (4.61 4.06 7.97) (0.49 7.58 1.66) (4.34 7.25 5.59) (6.18 3.44 8.88) (4.93 3.04 3.93) (6.25 9.3 9.15) (1.84 5.25 0.33) (8.76 2.52 8.72) (7.6 9.22 4.91) (6.24 9.31 9.94) (3.16 8.01 1.06) (4.91 2.61 6.55) (3.9 5.81 0.73) (9.76 8.84 7.56) (7.52 3.06 2.55) (9.01 5.22 6.24) (0.58 0.46 4.39) (5.05 7.28 8.21) (4.23 7.14 2.81) (4.21 9.45 3.87) (1.26 4.91 2.3) (8.79 8.89 0.36) (8.43 9.11 5.15) (7.58 5.04 4.41) (2.79 1.1 8.18) (1.61 9.49 8.22) (1.73 5.92 6.28) (2.37 1.35 0.41) (9.79 7.78 9.88) (4.69 1.59 7.85) (9.15 4.48 6.73) (1.5 2.88 1.36) (2.18 0.47 7.62) (8.6 3.72 5.51) (5.34 7.62 8.9) (8.22 9.29 8.48) (5.98 3.41 0.71) (0.05 0.76 8.45) (1.85 0.16 6.91) (5.73 2.18 4.31) (8.59 4.66 5.54) (9.31 6.18 2.07) (0.97 3.77 0.67) (0.86 7.1 6.12)
int 84 (37 45 11) (64 8 70) (51 1 42) (31 36 70) (75 90 31) (87 20 33) (48 80 93) (50 19 67) (15 66 84) (69 49 30) (27 64 97) (53 60 13) (3 12 44) (40 16 15) (59 92 66) (74 68 7) (25 96 42) (64 17 93) (66 80 24) (28 11 46) (53 67 71) (21 88 37) (99 57 83) (57 33 7) (64 55 96) (73 1 38) (89 16 96) (15 51 98) (55 67 15) (22 64 10) (41 17 14) (94 54 18) (14 10 81) (58 77 13) (73 92 67) (26 39 91) (65 45 47) (22 26 8) (1 50 59) (82 19 62) (87 65 4) (5 7 95) (24 36 26) (48 92 99) (92 61 55) (42 7 60) (29 8 93) (79 15 14) (30 50 33) (4 54 86) (90 2 40) (1 78 12) (35 25 62) (95 28 43) (51 52 61) (14 2 59) (37 74 71) (84 66 83) (59 95 61) (94 62 53) (5 32 18) (17 82 35) (13 6 55) (95 87 72) (4 39 30) (50 11 21) (80 30 14) (66 4 49) (88 99 18) (91 37 57) (48 2 87) (82 83 81) (45 84 49) (70 95 40) (20 19 17) (95 62 81) (38 49 48) (15 68 29) (61 17 24) (55 24 7) (49 54 35) (52 44 91) (49 9 10) (74 71 26)
char 86 (a c a) (d l j) (j o o) (c k o) (s i k) (j j p) (d h l) (k t l) (d k a) (s j b) (d k n) (d b i) (n l g) (i a e) (a o n) (p n h) (g l f) (p p b) (r m a) (i a t) (g h h) (e t n) (n i m) (i m l) (f p h) (i g b) (t d e) (j c s) (q e f) (r o e) (d d a) (d j n) (b n d) (b t p) (n t b) (l s i) (d i k) (g i m) (s m f) (m o k) (j r q) (g g s) (m l a) (l k j) (a l p) (b k t) (c a h) (f t k) (l c q) (p t s) (t h k) (p j a) (t s s) (f r h) (s q h) (r h p) (f k m) (q h o) (g g g) (h k t) (h l g) (a f j) (q n i) (g n e) (m l i) (d k s) (m e p) (f l h) (o n a) (b j k) (n j e) (c c n) (k a a) (c e s) (a g o) (r j b) (o q q) (h i p) (t d k) (s s d) (q o l) (a a k) (d h a) (s h i) (j j h) (k r a)
bool 87 (0 0 0) (0 0 1) (0 1 0) (1 0 1) (0 0 1) (1 1 0) (1 0 1) (1 0 1) (1 1 1) (1 1 1) (0 0 0) (1 1 0) (1 0 0) (1 0 0) (0 0 0) (0 0 0) (1 1 0) (0 0 1) (0 0 0) (1 0 1) (0 0 0) (0 0 0) (0 0 1) (1 1 0) (1 0 0) (1 0 1) (1 1 1) (1 0 1) (0 1 1) (1 0 0) (1 1 0) (1 0 0) (1 0 0) (1 1 0) (0 1 1) (1 0 0) (1 0 1) (0 0 1) (0 1 1) (1 1 0) (0 1 1) (0 1 0) (0 1 0) (1 0 0) (1 0 1) (0 1 1) (1 0 0) (1 0 1) (1 1 1) (0 0 0) (1 0 1) (1 1 1) (1 1 0) (1 1 0) (1 1 1) (1 0 1) (1 0 0) (0 0 0) (1 1 0) (1 1 1) (0 1 0) (1 0 1) (0 0 0) (1 0 0) (0 0 1) (0 0 1) (0 0 0) (0 0 1) (0 1 1) (1 1 0) (1 1 1) (1 1 0) (0 1 0) (0 0 1) (1 1 0) (1 0 1) (0 1 0) (1 0 1) (0 1 0) (1 1 0) (0 1 1) (1 0 1) (0 1 0) (0 1 0) (0 1 0) (1 0 0) (0 0 0)
int 87 (4 17 55) (39 53 15) (98 22 54) (11 57 35) (71 69 60) (64 31 73) (65 77 11) (42 7 81) (83 77 48) (42 6 73) (32 82 51) (45 95 97) (95 13 59) (88 75 48) (31 8 73) (27 61 40) (62 77 63) (41 52 24) (13 38 66) (92 77 52) (99 48 89) (53 80 69) (83 46 3) (58 79 29) (25 46 91) (37 29 7) (27 59 14) (13 57 10) (24 49 99) (70 89 5) (75 28 48) (56 5 8) (46 83 83) (63 8 67) (31 19 53) (54 86 94) (60 7 60) (55 67 18) (44 23 99) (82 30 15) (60 61 45) (48 81 53) (1 5 1) (12 5 24) (52 8 46) (69 46 97) (94 62 7) (10 2 58) (96 48 96) (6 65 98) (58 12 16) (18 44 59) (62 60 32) (49 67 87) (56 81 35) (18 53 96) (59 45 25) (41 30 68) (98 42 69) (28 8 44) (6 12 9) (44 35 90) (48 80 13) (63 57 62) (98 19 71) (34 91 50) (42 18 18) (98 57 85) (65 75 50) (96 26 43) (52 3 46) (78 14 40) (10 90 26) (47 69 49) (49 78 79) (24 86 9) (84 20 45) (78 57 1) (5 84 67) (67 46 81) (84 98 51) (76 82 93) (75 35 33) (52 7 70) (90 82 89) (60 89 3) (20 50 5)
int 88 (67 80 36) (28 68 16) (88 3 53) (51 85 41) (30 82 80) (88 53 30) (42 4 1) (26 66 44) (31 93 90) (21 76 91) (52 8 20) (46 16 10) (86 40 33) (83 59 15) (19 10 6) (37 76 52) (87 81 96) (36 55 46) (22 52 7) (58 82 8) (45 32 28) (35 30 56) (39 11 29) (92 22 6) (69 19 97) (81 28 99) (57 48 73) (88 61 53) (50 55 60) (25 3 78) (92 86 50) (54 74 29) (93 92 64) (63 11 73) (80 83 31) (98 72 37) (91 14 47) (46 54 28) (6 64 68) (38 42 35) (2 34 43) (17 36 58) (83 89 71) (99 64 61) (43 57 84) (13 99 98) (11 95 27) (69 47 96) (7 64 76) (18 19 88) (44 58 11) (47 26 90) (49 42 53) (32 30 2) (31 54 73) (84 73 26) (50 24 38) (7 67 84) (59 75 59) (23 77 32) (2 59 33) (97 96 4) (64 51 24) (48 48 97) (78 24 15) (33 91 9) (71 69 75) (29 21 30) (6 75 31) (46 90 58) (82 87 28) (5 29 6) (1 45 72) (17 68 38) (80 48 3) (48 50 17) (90 44 5) (55 56 16) (46 44 72) (89 91 46) (94 3 75) (73 85 47) (81 61 67) (75 60 73) (97 84 70) (20 73 17) (32 43 40) (62 52 44)
bool 90 (1 0 0) (1 1 1) (0 0 0) (0 1 0) (1 0 1) (1 0 1) (1 1 0) (1 1 1) (0 0 1) (0 0 0) (1 0 0) (0 1 0) (1 1 1) (0 0 1) (1 1 1) (1 1 1) (0 1 1) (1 1 0) (1 1 0) (1 0 1) (0 1 0) (1 0 0) (0 1 0) (0 0 0) (1 0 1) (1 0 0) (0 0 0) (1 1 0) (1 0 0) (1 1 1) (1 0 0) (0 1 1) (0 0 0) (0 1 1) (0 0 1) (0 0 0) (1 1 1) (1 0 0) (0 1 1) (1 0 0) (1 0 1) (1 1 0) (1 0 1) (0 0 1) (1 0 0) (1 0 1) (0 0 0) (0 0 1) (1 1 0) (1 1 1) (1 0 0) (0 1 1) (0 1 1) (1 1 0) (1 0 1) (0 0 0) (0 1 1) (0 0 1) (0 1 0) (0 0 1) (0 1 0) (0 1 1) (1 0 1) (1 0 1) (1 1 1) (0 1 1) (0 1 0) (1 1 0) (1 0 1) (0 0 1) (1 0 0) (1 1 1) (0 0 0) (1 0 0) (0 1 0) (0 0 0) (0 0 1) (0 0 1) (0 1 1) (1 0 1) (1 0 0) (1 1 0) (1 1 0) (1 1 0) (0 1 0) (0 1 0) (1 0 0) (1 1 1) (0 0 0) (0 0 0)
double 90 (2.09 9.93 1.48) (9.02 2.57 9.97) (0.47 7.52 7.32) (4.35 4.48 1.61) (4.62 3.45 5.57) (8.45 3.62 5.62) (0.94 8.54 5.89) (0.86 3.09 0.43) (7.85 4.94 7.46) (8.23 2.2 4.67) (0.38 5.15 0.8) (8.93 3.2 9.44) (6.75 0.89 9.13) (6.32 1.66 0.99) (2.37 9.02 1.2) (4.43 5.7 5.26) (9.16 9.63 7.02) (7.11 8.55 7.54) (4.02 6.92 6.07) (9.93 9.29 6.69) (3.55 7.38 0.74) (8.14 9.61 0.28) (4.14 4.49 5.49) (0.32 9 6.37) (2.64 7.77 6.9) (2.51 0.36 2.67) (5.42 7.4 1.84) (3.37 4.51 0.03) (8.72 4.66 6.8) (3.25 5.33 5.54) (6.97 4.8 9.89) (9.36 3.89 9.81) (9.29 6.76 9.66) (7.16 3.59 3.41) (9.19 5.86 6.52) (2.03 5.13 8.36) (7.37 8.15 2.01) (3.94 1.37 0.97) (4.39 1.88 9.7) (9.09 2.75 5.11) (2.88 6.96 0.04) (9.55 6.08 8.07) (0.26 7.68 2.71) (0.63 6.86 5.22) (1.94 6.26 4.37) (4.97 2.8 2.98) (7.46 2.29 3.31) (9 4.23 2.31) (5.64 1.23 6.36) (2.04 1.86 3.77) (8.54 6.65 6.32) (8.67 3.53 8.7) (7.54 1.91 6.45) (3.13 3.05 7.34) (8.16 2.63 7.69) (0.98 0.03 2.12) (4.5 2.76 0.59) (7.48 3.6 1.67) (4.54 7.79 7.56) (0.24 0.64 1.31) (5.77 7.31 8.81) (1.25 3.06 1.08) (5.81 0.25 4.59) (3.37 7.12 9.23) (6.82 7.85 0.7) (0.29 9.75 6.9) (7.09 7.52 8.34) (5.2 3.44 6.32) (2.83 3.24 1.94) (6.89 9 5.64) (2.76 6.92 5.72) (6.17 1.19 9.48) (4.19 9.41 9.28) (5.01 9.16 1.99) (2.63 8.49 8.84) (3.39 7.36 3.37) (3.13 7.32 9.72) (0.48 9.49 3.62) (5.77 4.13 3.96) (1.9 9.28 6.38) (5.27 8.19 1.49) (2.41 4.84 9.04) (4.97 2.12 8.99) (8.75 3.81 4.84) (4.67 9.94 1.62) (7.25 4.98 7.22) (4.5 2.83 4.22) (7.77 2.35 6.77) (2.71 7.95 1.45) (5.77 5.46 2.72)
double 91 (0.68 2.07 0.62) (2.01 4.14 6.71) (0.59 9.62 6.54) (8.35 1.78 6) (8.18 6.81 6.43) (4.97 5.08 7.52) (1.07 7.06 5.8) (7.41 3.9 2.5) (1.1 8.07 1.15) (8.29 3.38 3.19) (1.45 5.64 6.85) (2.99 1.65 7.71) (5.23 0.06 0.66) (2.96 2.21 1.3) (4.08 1.93 4.07) (6.2 1.93 2.5) (5.1 6.81 6.22) (1.42 1.92 1.79) (5.66 0.36 1.97) (8.52 3.3 5.04) (7.1 9.94 5.94) (1.76 4.38 5.45) (5.5 1.02 1.88) (1.28 0.6 4.07) (6.75 7.06 9.77) (8.88 0.2 8.75) (3.94 3.99 1.88) (6.63 1.63 0.8) (2.5 9.46 0.67) (7.07 0.31 5.66) (6.1 4.97 6.66) (7.25 8.71 6.48) (8.48 0.4 2.73) (6.27 0.6 3.46) (6.01 2.82 2.31) (4.38 6.83 8.26) (6.18 8.29 3.09) (2.3 3.17 8.59) (5.35 1.7 8.55) (9.53 6.33 9.44) (8.78 9.62 2.71) (8.92 4.46 4.53) (3.75 7 8.75) (4.88 8.21 0.44) (2.4 1.08 4.21) (3.71 4.31 7.05) (9.02 1.22 2.23) (0.01 0.07 0.62) (8.94 9.52 1.86) (6.31 3.46 2.32) (6.4 5.8 5.35) (8.83 6.32 1.99) (0.01 5.42 4.05) (9.91 4.54 3.03) (4.85 2.43 3.89) (8.21 9.32 1.32) (7.44 0.64 4.28) (4.72 5.92 8.37) (8.43 1.94 1.22) (2.96 4.7 3.43) (6.12 6.7 7.87) (3.78 5.45 7.71) (7.89 4.05 2.07) (9.59 8.04 0.38) (9.67 3.61 9.96) (8.6 9.99 0.08) (2.9 4.4 6.69) (5.19 2.65 9.43) (7.27 8.88 0.54) (1.39 8.95 3.15) (0.08 9.8 5.26) (9.83 3.24 3.23) (7.25 4.82 9.28) (3.84 6.18 4.5) (3.45 4.24 3.83) (5.17 6.78 8.15) (9.89 9.78 0.61) (0.62 2.77 1.27) (8.55 4.43 2.96) (3.84 4.24 7.37) (7.63 3.26 8.48) (9.42 2.35 6.62) (6.52 4.88 4.07) (2.35 3.32 7.49) (8.85 8.48 3.44) (3.38 3.05 1.78) (9.21 2.49 3.5) (1.76 5.22 4.23) (2.76 4.3 1.16) (6.93 2.9 4.54) (4.89 5.38 8.49)
char 92 (c q o) (c r k) (b r p) (p k h) (h n f) (n d b) (a e m) (e q b) (o a e) (d n n) (f h q) (o e c) (q f a) (s s f) (n p i) (o o b) (c g a) (b r m) (i i h) (a g l) (b l c) (f m n) (s l i) (e j d) (h g i) (p r e) (s o r) (t n t) (q s g) (e b d) (l t t) (o c b) (h o b) (q i a) (i t i) (g l s) (l l h) (n o q) (a r k) (h i j) (g s g) (g m s) (a a l) (j k l) (n m a) (i p i) (p f s) (p s i) (e g b) (t j c) (l b k) (p e c) (b t p) (e g t) (o c s) (f q i) (d c j) (g m o) (j m l) (t i t) (t a r) (q n h) (q t k) (e g e) (h g d) (e t k) (d r b) (e c s) (q m a) (h s j) (a p a) (i n i) (d d d) (i k r) (h q q) (p g e) (n n e) (a j g) (q f e) (t f b) (f q m) (g r j) (s a l) (j s t) (a i c) (t e a) (s p d) (q q q) (c h s) (c q p) (b e k) (s r m)
double 92 (1.87 5.41 1.95) (2.8 3.13 0.7) (4.74 2.31 4) (2.94 0.39 2.99) (5.05 1.98 1.52) (4.54 6.55 7.55) (1.4 3.17 6.45) (3.02 6.94 0.13) (1.75 2.72 9.62) (1.37 5.57 4.41) (0.75 4.02 8.97) (9.61 8.81 5.9) (2.32 8.25 5.36) (8.31 5.44 9.6) (3.48 0.3 1.63) (6.43 5.31 7.09) (5.85 4.34 3.87) (9.63 5.13 2.68) (4.73 1.61 9.48) (2.26 5.42 7.66) (9.75 0.13 4.57) (5.44 2.39 3.93) (6.33 2.04 4.1) (5.87 1.59 6.46) (1.68 7.1 7.95) (7.48 6.48 7.54) (0.56 3.98 4.01) (2.75 4.08 0.19) (2.89 0.85 3.82) (5.77 4.23 3.48) (3.15 0.98 3) (2.59 7.76 2.33) (4.77 9.06 6.06) (2.74 0.66 7.06) (6.23 4.76 0.27) (0.49 9.12 3.93) (7.22 7.74 8.81) (1.3 1.2 7.79) (3.39 9.27 7.64) (6.36 5.91 2.25) (1.09 8.13 0.85) (4.83 9.98 3.34) (4.41 0.6 5.32) (4.13 2.22 6.83) (2.07 4.79 4.95) (2.39 8.28 0.96) (2.31 1.81 0.55) (1.29 8.76 8.59) (0.47 5.18 8.27) (9.88 0.16 1.32) (4.72 6.18 1.36) (6.81 4.72 9.11) (2.05 8.56 0.1) (2.85 9.28 5.38) (7.6 0.22 7.62) (2.63 3.88 3.87) (9.26 5.04 0.33) (7.05 4.65 1.56) (1.04 5.38 4.94) (5.87 0.22 3.38) (8.78 4.11 6.63) (5.99 8.21 6.33) (9.89 5.51 4.8) (6.73 1.43 2.94) (0.58 5.8 9.12) (7.26 4.77 6.33) (9.55 5.1 9.79) (0.72 7.65 7.5) (2.37 8.32 3.9) (0.47 2.7 3.07) (8.42 4.22 5.49) (1.62 0.71 9.97) (5.95 3.02 9.51) (5.79 2.58 4.68) (8.23 8.53 3.82) (4.35 9.52 2.9) (4.32 1.47 0.23) (6.85 0.99 1.03) (4.04 4.38 1.83) (2.4 5.92 6.85) (3.09 3.71 4.48) (6.23 7.19 6.25) (7.77 1.6 7.64) (8.24 4.55 2) (8.37 1.27 5.88) (3.7 1.3 5.39) (3.77 5.36 4.03) (5.33 6.52 9.85) (0.55 1.56 9.38) (6.37 5.11 9.67) (3.28 2.54 2.78) (8.52 6.98 2.36)
int 92 (71 68 14) (65 28 21) (1 72 40) (98 98 47) (6 24 5) (7 8 60) (49 27 12) (68 68 82) (60 97 77) (44 69 21) (49 22 56) (87 68 66) (21 17 3) (74 52 64) (58 18 52) (58 58 78) (95 45 52) (11 70 68) (6 87 69) (28 60 38) (14 21 87) (94 53 20) (71 47 69) (63 23 6) (1 21 49) (76 30 71) (4 1 87) (36 16 20) (39 2 11) (32 97 44) (21 11 57) (94 44 68) (6 51 75) (5 16 24) (74 28 95) (17 70 92) (14 48 74) (19 12 59) (34 88 72) (67 1 99) (44 52 45) (90 70 90) (99 40 62) (77 19 2) (92 70 14) (56 92 41) (60 52 9) (30 38 60) (20 72 72) (11 68 86) (60 47 37) (63 95 81) (94 71 64) (22 16 91) (88 12 63) (8 79 33) (62 30 64) (36 59 91) (71 11 75) (18 82 94) (67 22 24) (98 81 10) (61 67 10) (58 14 69) (1 54 85) (70 16 66) (96 73 61) (92 92 96) (97 21 99) (72 71 22) (15 26 48) (96 3 1) (36 50 4) (27 48 99) (83 50 68) (35 5 58) (92 9 98) (22 14 80) (74 88 85) (11 94 73) (51 91 58) (50 38 53) (90 29 8) (1 21 17) (99 82 8) (69 41 53) (67 84 53) (31 45 79) (37 41 16) (21 62 75) (16 46 34) (74 97 50)
double 93 (5.48 6.17 7.87) (7.43 9 9.26) (6.18 5.16 6.06) (6.02 0.3 6.3) (2.22 7.85 2.77) (6.49 2 9.48) (6.72 2.01 6.92) (2.65 4.9 8.1) (1.75 2.82 0.74) (3.07 7.3 7.02) (4.51 4.92 5.95) (7.83 1.59 0.96) (5.23 4.47 2.07) (1.73 3.82 1.87) (5.78 1.27 5.59) (1.77 4.25 9.68) (4.51 1.33 3.89) (7.73 8.82 6.2) (2.3 7.69 9.64) (1.5 4.92 4.24) (0.15 5.67 4.45) (6.65 2.95 1.92) (2.71 6.9 3.44) (8.26 0.82 8.04) (9.68 4.41 5.65) (7.16 6.79 4.4) (2.93 3.4 0.08) (5.63 0.23 7.32) (0.64 1.98 4.01) (6.84 1.26 6.29) (8.18 9.13 5.38) (9.39 5.63 0.05) (2.22 4.54 1.11) (2.14 4.92 8.46) (2.12 4.42 6.42) (7.08 2.29 5.96) (0.21 2.95 5.33) (7.53 4.13 5.65) (4.14 5.96 0.82) (4.04 5.74 1) (0.47 8.86 6.21) (2.28 6.55 6.37) (4.15 8.08 3.9) (7.91 7.03 4.36) (9.8 9.47 4.91) (3.52 1.7 7.12) (3.6 6.4 4.24) (2.05 6.86 1.62) (9.28 9.39 3.2) (0.07 1.69 8.26) (1.51 8.82 3.77) (7.24 8.85 2.68) (9.06 5.7 7.15) (7.58 6.04 9.67) (4.75 7.51 0.51) (2.65 2.35 2.31) (5.95 9.85 6.01) (6.01 5.36 8.07) (2.21 0.7 3.68) (5.02 5.53 6.58) (0.03 3.12 6.65) (9.3 9.34 4.49) (6.72 3.8 4.19) (8.97 6.2 2.93) (9.42 0.52 1.17) (1.03 7.15 6.21) (8.85 0.59 0.99) (9.2 4.95 2.86) (8.29 0.74 8.89) (4.18 5.02 0.61) (0.71 4.1 1.63) (5.06 5.8 5.22) (2.47 2.79 8.86) (2.06 8.02 4.62) (7.05 0.38 3.24) (2.58 4.02 8.05) (3.4 2.09 0.32) (1.83 8.59 6.42) (8.49 3.95 4.9) (6.93 8.14 5.95) (4.55 2.67 3.86) (2.33 7.42 6.6) (3.17 7.17 1.87) (1.34 7.17 0.13) (8.21 1.41 3.72) (4.09 3.58 5.23) (3.46 7.04 9.87) (3.23 1.35 6.35) (8.03 8.13 2.27) (5.97 9.77 5.29) (9.07 9.1 4.79) (6.93 5.24 9.93) (2.92 7.48 6.64)
bool 94 (1 1 1) (0 0 0) (0 1 1) (0 0 1) (1 1 0) (1 0 0) (0 1 0) (0 1 0) (1 0 1) (0 0 1) (1 0 0) (1 1 0) (0 1 1) (0 0 1) (1 1 1) (1 0 0) (1 1 1) (1 1 0) (1 0 1) (1 1 1) (0 0 1) (1 0 0) (1 1 0) (1 0 1) (0 0 1) (1 0 1) (1 0 1) (1 1 1) (0 1 0) (1 1 1) (1 1 1) (1 0 1) (1 0 1) (0 1 0) (0 1 1) (1 0 1) (0 0 1) (0 0 0) (0 0 1) (0 0 1) (1 1 1) (1 1 1) (1 0 1) (1 0 1) (0 0 0) (1 0 1) (0 0 1) (1 1 0) (0 1 1) (1 0 1) (0 1 0) (1 0 1) (0 0 0) (1 0 0) (1 0 0) (1 0 1) (0 1 1) (1 0 1) (1 0 1) (0 1 0) (0 0 1) (1 0 1) (1 1 1) (1 0 0) (1 1 1) (1 1 0) (1 0 0) (0 0 0) (1 0 0) (1 0 0) (1 0 0) (1 1 1) (0 1 0) (1 0 0) (0 1 1) (1 0 1) (0 0 0) (0 1 0) (0 0 0) (1 1 1) (0 1 0) (0 0 1) (1 1 1) (0 0 0) (1 0 1) (0 0 1) (1 1 0) (0 1 1) (1 0 1) (1 0 0) (0 1 0) (1 0 0) (1 0 0) (0 0 0)
bool 95 (1 0 1) (0 1 0) (0 0 1) (1 1 0) (1 0 1) (1 0 1) (1 0 0) (1 1 0) (1 0 0) (1 1 1) (0 0 0) (1 0 1) (0 0 1) (0 0 1) (1 0 0) (0 0 0) (0 1 1) (0 0 0) (1 0 1) (1 0 0) (0 0 1) (1 0 0) (1 0 0) (0 1 1) (1 1 1) (0 0 1) (0 0 0) (0 1 1) (0 0 1) (1 0 0) (1 1 0) (1 1 1) (0 0 1) (1 0 0) (0 1 1) (1 1 1) (0 0 0) (1 0 1) (1 1 0) (0 0 1) (0 0 1) (0 0 1) (1 0 1) (0 1 0) (1 0 1) (0 1 1) (0 0 0) (1 1 1) (0 1 0) (1 0 1) (1 0 1) (0 0 1) (0 1 1) (0 1 0) (1 1 1) (0 0 0) (0 0 0) (1 0 0) (0 1 1) (0 1 0) (1 0 1) (0 0 1) (0 0 0) (0 0 0) (1 0 0) (1 0 0) (0 1 0) (0 1 1) (0 1 0) (1 0 1) (1 0 0) (0 0 1) (1 1 0) (1 1 1) (1 0 0) (1 0 1) (1 1 1) (1 0 1) (1 0 0) (0 0 1) (1 0 1) (0 1 0) (0 1 0) (0 1 0) (1 0 0) (1 1 1) (0 0 1) (1 1 1) (1 1 1) (1 1 0) (0 0 1) (0 0 0) (0 0 0) (1 0 1) (0 0 1)
char 96 (m e h) (s c s) (h r t) (q p c) (j m q) (r g l) (t m n) (o d q) (f h k) (p c l) (l k m) (i c d) (d k b) (t p m) (a o f) (e f s) (d g s) (e e f) (p r h) (d i t) (n a b) (s d t) (r q i) (d k q) (q j g) (q c c) (n f j) (c r j) (t q q) (k o c) (q g d) (q j k) (s q t) (b d i) (n t n) (n b p) (d c n) (j r j) (t j b) (f f s) (k o k) (g b i) (e h i) (b b p) (e p j) (a m d) (c h e) (t p h) (e r f) (m a a) (d s k) (f i o) (e l d) (q h j) (c c p) (l j g) (b r e) (o t c) (q j r) (c l l) (k j h) (g j f) (t c k) (t l g) (o d q) (m n q) (o d h) (r r k) (n c s) (b j c) (g o d) (k j r) (p c d) (h a s) (t p e) (c b d) (i c k) (g c p) (l t o) (a r i) (a c a) (h e b) (t l e) (l e k) (c m b) (t h g) (c i c) (q g s) (o l s) (d j g) (k e r) (p c i) (e a l) (a n g) (p d h) (g q i)
bool 97 (0 0 0) (0 1 0) (1 1 0) (1 1 1) (1 1 0) (1 1 0) (1 1 1) (0 0 0) (1 1 1) (0 0 1) (0 1 1) (1 1 0) (0 1 1) (0 0 1) (0 0 1) (0 1 1) (1 0 0) (1 1 0) (0 1 1) (0 1 1) (0 0 0) (1 1 0) (0 1 1) (1 1 0) (1 1 1) (0 0 1) (1 0 1) (1 1 1) (0 0 0) (1 0 1) (1 1 1) (1 0 0) (1 0 0) (1 1 0) (1 1 1) (1 1 0) (1 1 1) (0 1 0) (1 0 1) (0 1 0) (1 1 1) (0 0 1) (0 0 1) (1 0 1) (0 0 0) (1 1 0) (0 1 0) (1 0 0) (0 1 0) (0 0 1) (1 0 1) (1 1 1) (1 1 1) (1 0 0) (0 1 0) (1 0 0) (1 0 1) (1 0 0) (0 0 1) (0 0 1) (0 0 1) (0 1 0) (0 0 0) (0 0 1) (1 0 0) (1 1 1) (1 1 0) (0 1 0) (0 1 1) (1 1 0) (0 1 0) (1 0 0) (0 1 0) (1 0 0) (1 0 1) (0 0 1) (0 0 1) (1 0 0) (1 0 1) (0 1 1) (1 0 0) (0 1 1) (1 1 0) (1 1 1) (0 1 0) (0 0 0) (0 0 0) (1 1 0) (1 0 1) (1 1 1) (0 0 1) (1 0 1) (1 0 1) (1 0 1) (0 1 0) (0 1 1) (1 1 0)
double 98 (0.46 4.08 6.37) (7.73 6.29 9) (4.37 8.83 1.42) (7.12 6.11 2.43) (3.13 3 3.28) (0.97 2.71 0.06) (8.9 7.28 5.44) (6.82 0.25 4.24) (1.3 3.72 6.86) (1.43 9.93 3.5) (3.83 0.73 2.72) (9.8 7.01 8.1) (6.6 6.07 6.27) (8.28 9.69 0.07) (3.4 6.26 4.3) (3.56 4.03 0.19) (1.4 7.52 4.25) (9.28 2.81 9.81) (7.83 6.18 6.6) (5.02 4.08 8.24) (8.72 2.77 9.14) (1.46 5.37 7.94) (6.9 7.97 6.11) (7.34 0.96 3.85) (4.25 9.32 7.29) (7.22 7.87 4.04) (6.8 1.41 4.84) (9.38 6.49 1.7) (5.96 6.77 0.24) (0.21 0.01 8.81) (1.2 5.17 3.61) (6.46 2.03 7.38) (1.56 9.53 3.99) (1.64 5.55 6.24) (1.59 7.91 2.18) (3.76 9.22 9.52) (5.66 0.28 3.64) (5.44 5.95 8.17) (8.66 4.87 6.87) (8.7 8.35 6.43) (5.38 6.06 4.07) (8.96 4.49 6.98) (9.35 5.22 9.21) (2.8 0.46 4.8) (4.58 4.79 3.14) (7.16 4.91 6.01) (1.26 2.69 9.49) (9.11 8.75 2.6) (3.81 6.78 1.32) (0.92 5.33 2.16) (7.39 5.94 4.79) (6.04 4.38 7.93) (6.34 1.08 9.33) (1.65 4.56 1.88) (5.57 1.67 8.12) (4.89 8.09 2.94) (8.19 7.37 8.73) (6.09 2.69 5.27) (8.51 1.87 5.07) (9.9 7.35 9.18) (2.73 8.94 5.91) (1.17 7.83 8.85) (6.96 7.17 6.16) (8.02 5.69 8.01) (7.71 7.92 4.3) (6.37 2.58 9.07) (0.11 5.64 4.48) (0.43 2.76 9.17) (5.29 3.45 6.62) (2.68 3.82 6.5) (1.41 2.54 7.69) (2.13 7.7 7.69) (3.75 6.79 6.42) (1.63 9.51 2.81) (8.77 7.87 8.26) (8.95 2.14 3.77) (4.97 2.73 5.14) (7.63 7.71 3.2) (6.88 4.45 4.96) (3.35 5.44 3.66) (3.11 0.56 3.23) (0.54 5.82 0.58) (8.02 5.64 1.57) (6.25 8.81 5.65) (3.16 0.69 5.63) (6.82 0.57 5.36) (7.55 7.31 4.26) (8.59 9.88 4.73) (5.19 9.94 3.19) (7.83 2.18 8.88) (6.12 3.2 9.29) (8.12 3.3 5.14) (2.51 0.68 1.34) (2.67 8.27 4.75) (3.17 6.74 6.91) (9.57 9.98 6.08) (6.63 8.34 2.12) (1.19 4.9 4.45)
char 100 (e f i) (k n l) (o c r) (b t k) (m s i) (o c i) (o k g) (t r j) (s t i) (s i h) (l i s) (n o l) (s p n) (r a j) (g n d) (t d c) (g p d) (o r m) (q h d) (g q n) (e a k) (s q b) (s l m) (p k d) (n g c) (h j f) (q t s) (o p b) (k h r) (i i k) (h a b) (e t p) (t p b) (b t f) (p e n) (i g d) (e d k) (n l r) (j d t) (i g c) (c i m) (r k t) (e k d) (q s p) (g d b) (k n k) (e b f) (h q h) (s k c) (e f k) (s p q) (i n t) (q f n) (t o k) (c s r) (r h i) (b j p) (d l n) (h p a) (r c b) (q b q) (j l f) (j b p) (b k t) (e o n) (f p r) (i b k) (i n p) (q f p) (j m c) (s k l) (c c j) (o i j) (a b b) (s f c) (n p e) (d n k) (q h h) (j h p) (e g t) (n q f) (f h n) (e c i) (p g m) (t a j) (t d r) (a s g) (e a b) (i p b) (m g m) (a t r) (i d d) (q d l) (b b r) (g b r) (s a l) (d j b) (s b j) (t s f) (g j c)
char 100 (d g d) (o k n) (r r b) (i i s) (a b j) (l l b) (q b k) (p a o) (d s g) (o b s) (d c l) (a g k) (h e p) (e j t) (k m l) (r g i) (p p s) (d h p) (h k k) (d s n) (t n r) (s r n) (l r p) (k c t) (d p q) (j e e) (e p o) (l e k) (o e o) (k g p) (h e q) (f o a) (g r r) (e s s) (j k g) (m n k) (h q l) (p g a) (m b r) (i m d) (t t n) (i h p) (i d s) (n r i) (h g b) (c h k) (j b d) (e k i) (g s a) (k g p) (f a g) (g k q) (p a h) (q t b) (q o a) (b g k) (i d h) (t o e) (m o r) (o e p) (o f k) (b i a) (m n i) (q b l) (i b n) (j s e) (q a h) (j n t) (l g a) (m q n) (a n n) (m f e) (i d j) (l k i) (k a a) (e q l) (k b a) (q j t) (g k a) (h m g) (n q t) (l j d) (f b p) (s b s) (q o i) (k r t) (q o g) (e m a) (q a s) (s d t) (b l t) (t i s) (o c q) (k e h) (r c s) (t b f) (k s o) (l l l) (m l h) (j c b)
bool 102 (1 0 0) (1 1 0) (1 0 1) (0 0 0) (0 1 1) (1 1 0) (0 1 0) (1 1 0) (0 0 1) (0 1 1) (0 0 0) (1 1 0) (1 1 0) (1 0 0) (1 0 1) (0 0 0) (0 1 0) (0 1 0) (1 0 0) (1 0 1) (0 0 1) (1 1 1) (1 1 0) (0 0 1) (1 1 1) (0 1 1) (0 0 1) (0 0 1) (0 1 0) (0 0 0) (1 1 0) (1 0 0) (1 1 0) (1 0 1) (0 0 1) (0 0 0) (1 0 1) (1 0 1) (1 1 0) (1 1 1) (0 1 0) (0 1 0) (1 1 1) (1 1 0) (1 0 0) (0 1 0) (0 1 1) (1 1 0) (0 1 1) (0 1 1) (1 0 1) (1 0 1) (0 1 1) (1 0 0) (1 0 1) (1 1 0) (0 1 1) (0 0 0) (1 0 0) (0 0 0) (0 1 0) (0 0 1) (0 1 0) (0 1 0) (0 1 1) (0 1 1) (1 0 1) (1 0 0) (1 1 1) (0 0 0) (0 1 0) (0 1 1) (0 1 0) (0 0 0) (1 0 1) (1 0 0) (0 1 0) (1 1 1) (0 1 0) (0 0 1) (0 0 1) (1 1 1) (1 1 0) (1 0 0) (0 1 0) (0 1 1) (0 0 1) (1 0 1) (0 1 0) (1 1 1) (0 0 0) (1 1 1) (1 1 0) (1 1 0) (0 1 0) (1 0 1) (1 0 1) (1 0 1) (0 0 1) (0 0 1) (1 0 1) (1 1 1)
bool 103 (0 0 0) (0 0 1) (1 1 1) (1 0 0) (0 1 1) (0 1 0) (1 0 1) (1 0 1) (1 0 0) (1 0 1) (0 0 1) (0 0 1) (0 0 0) (0 0 0) (0 1 0) (1 1 1) (1 0 0) (1 1 1) (1 1 1) (0 0 1) (0 1 1) (0 1 0) (1 0 0) (1 0 1) (1 0 1) (0 0 1) (1 0 0) (1 0 0) (1 0 0) (1 0 1) (1 0 0) (0 0 1) (0 0 1) (1 1 1) (0 1 1) (1 0 0) (0 1 1) (0 1 1) (1 0 0) (1 0 1) (0 1 1) (0 1 1) (0 1 1) (0 1 0) (0 0 0) (0 1 1) (0 1 0) (1 1 1) (0 0 0) (0 0 1) (0 1 1) (0 1 1) (0 0 0) (0 0 0) (1 0 1) (1 1 1) (0 1 1) (0 0 1) (1 0 0) (0 1 0) (1 0 0) (0 0 0) (0 0 0) (1 0 1) (1 1 0) (0 0 0) (1 0 1) (0 1 1) (1 1 0) (1 1 1) (0 0 1) (1 1 1) (1 1 0) (0 1 0) (1 1 0) (1 0 1) (1 1 0) (0 1 1) (0 1 0) (1 1 0) (1 1 0) (0 1 0) (1 1 1) (1 0 0) (0 1 1) (0 0 1) (0 1 1) (1 0 0) (1 0 0) (1 0 0) (1 0 1) (1 0 0) (1 0 0) (0 0 0) (1 1 1) (1 0 1) (1 0 0) (0 1 1) (1 0 1) (0 0 1) (1 1 0) (1 0 1) (1 0 0)
int 104 (4 80 42) (20 1 75) (42 74 56) (15 72 52) (68 54 8) (87 12 81) (63 6 76) (34 44 68) (97 71 92) (50 18 30) (19 92 13) (44 30 74) (4 58 19) (68 25 99) (29 83 48) (29 71 18) (38 76 67) (72 13 93) (24 20 75) (77 47 4) (76 26 83) (77 25 9) (13 42 78) (93 22 64) (11 52 5) (51 95 91) (74 91 48) (3 37 64) (44 70 55) (42 25 57) (70 84 38) (10 79 83) (44 37 3) (45 92 73) (3 92 73) (94 52 38) (87 72 76) (57 9 20) (59 10 76) (26 70 35) (88 38 23) (3 27 39) (4 43 35) (10 57 40) (84 22 27) (70 45 32) (84 79 46) (87 94 72) (20 15 84) (8 78 19) (85 76 12) (87 23 94) (96 40 2) (41 69 93) (1 30 70) (59 27 1) (87 99 66) (15 69 60) (44 82 39) (78 52 93) (11 15 49) (68 60 91) (88 15 84) (48 86 43) (49 78 40) (89 77 53) (77 22 62) (95 32 33) (3 91 41) (4 94 41) (42 34 73) (75 64 50) (7 69 61) (86 22 27) (64 42 55) (10 46 89) (69 43 87) (51 88 30) (94 99 50) (85 93 30) (46 74 38) (83 96 1) (69 36 73) (12 40 58) (79 73 66) (29 76 81) (16 5 53) (89 82 98) (6 37 14) (78 25 98) (5 88 54) (92 27 84) (58 6 27) (93 41 87) (31 99 57) (92 83 12) (25 64 37) (46 34 34) (64 32 48) (68 99 77) (18 81 16) (74 12 31) (8 91 53) (54 20 32)
char 105 (l g e) (p b a) (t g q) (r l l) (i n d) (p c f) (k l k) (b p k) (s n a) (b c o) (h o t) (q f o) (o s q) (r s p) (k o m) (h l k) (s m m) (c t n) (c b a) (n t t) (l p f) (i e r) (d h b) (t q r) (i r t) (d h p) (f d q) (r n b) (r n f) (f j c) (a r e) (f d c) (s k c) (a g h) (l d o) (h p e) (r p c) (h s j) (i q o) (j g r) (g m c) (d g m) (c k b) (i h c) (b h i) (k m c) (t k j) (i g o) (f b t) (g p d) (p k j) (p d g) (p n q) (s c k) (n g t) (p q h) (i p c) (m g a) (q a f) (n o k) (s t q) (q r j) (d a d) (q a m) (l g p) (b m n) (c g t) (g o b) (d q c) (k h r) (i r s) (l r b) (q e a) (e k m) (c a c) (b k k) (h a j) (t d o) (d s a) (a c e) (o j r) (b a l) (e o h) (q j d) (n e h) (m q g) (l i k) (o t k) (s q n) (c p j) (k e s) (g p c) (k h j) (t m j) (c b f) (f d s) (o s e) (p t q) (s o j) (t a c) (l l h) (n i i) (b k h) (g e e) (m q k)
bool 106 (1 0 1) (0 0 1) (0 0 0) (1 1 0) (0 1 1) (0 0 0) (0 0 0) (1 1 0) (1 1 1) (0 1 0) (1 0 1) (0 0 0) (1 0 1) (1 0 0) (1 1 0) (1 0 1) (0 0 1) (0 0 1) (0 1 0) (1 1 1) (1 1 0) (0 1 1) (1 1 0) (1 1 1) (0 1 0) (1 1 0) (1 1 0) (0 0 1) (1 0 1) (1 0 0) (0 0 0) (1 1 1) (0 1 0) (1 0 0) (0 0 0) (1 0 1) (0 0 1) (1 0 0) (0 1 1) (0 1 1) (1 1 1) (1 1 0) (0 1 0) (1 1 0) (1 0 1) (0 1 1) (0 1 1) (1 1 0) (0 0 0) (0 1 1) (0 0 0) (0 1 1) (1 0 0) (1 1 0) (1 1 0) (0 0 1) (1 0 1) (1 0 1) (0 1 1) (1 0 0) (0 1 1) (1 0 0) (0 0 1) (0 1 0) (0 1 1) (1 0 1) (1 0 0) (1 1 0) (0 0 1) (0 1 0) (1 1 0) (1 0 0) (1 1 1) (1 1 0) (1 1 0) (0 1 0) (1 1 1) (0 1 0) (0 0 1) (0 1 0) (0 1 1) (0 0 1) (0 1 0) (0 0 0) (1 0 1) (1 1 0) (1 0 1) (1 0 0) (1 1 1) (1 1 1) (1 0 0) (1 1 0) (0 0 0) (1 0 1) (0 1 0) (0 1 0) (0 0 0) (1 0 1) (0 0 1) (0 1 0) (0 1 1) (0 1 1) (1 1 1) (0 1 1) (1 0 1) (1 1 0)
bool 106 (0 1 0) (0 1 0) (0 1 0) (1 1 0) (0 1 1) (1 0 0) (0 0 0) (1 1 1) (0 0 0) (0 0 0) (0 0 1) (1 0 0) (1 1 1) (1 1 0) (0 0 1) (1 1 0) (0 0 0) (0 1 1) (1 1 1) (0 0 1) (0 1 0) (1 0 0) (0 1 1) (0 0 1) (0 1 1) (1 1 1) (0 0 1) (1 1 1) (1 1 1) (0 0 0) (1 1 0) (0 0 1) (1 1 0) (0 1 1) (0 0 1) (0 1 1) (1 0 0) (1 0 1) (1 1 0) (1 0 1) (1 0 0) (0 0 0) (1 1 1) (0 0 1) (0 0 1) (0 1 1) (1 0 1) (0 0 0) (1 0 1) (0 0 0) (0 0 1) (0 1 0) (1 0 1) (1 1 1) (0 0 1) (1 1 1) (0 0 0) (1 1 1) (0 0 1) (0 1 0) (0 0 0) (0 0 0) (0 0 0) (0 1 0) (1 0 0) (0 0 0) (1 0 1) (1 1 0) (1 0 0) (0 0 1) (0 0 0) (0 1 0) (1 0 1) (0 1 0) (1 1 0) (0 0 0) (1 0 0) (1 1 1) (0 1 1) (0 0 1) (0 1 1) (1 0 1) (1 0 0) (0 1 0) (0 1 0) (0 0 0) (1 1 1) (0 1 1) (1 1 0) (0 0 1) (1 1 1) (1 0 1) (1 1 1) (0 1 0) (0 1 1) (0 0 0) (1 0 0) (1 1 1) (1 1 1) (0 0 0) (0 1 0) (0 1 1) (0 1 1) (1 1 0) (1 1 1) (0 1 0)
char 106 (h h i) (n j a) (g b k) (f s e) (d c o) (q n n) (q p n) (n i a) (p r i) (t j q) (f n d) (q p o) (c l s) (m j j) (n b b) (q s e) (h g i) (l o q) (g k h) (j c g) (l n r) (n c p) (j j f) (r c e) (g t k) (a g h) (b d p) (m m c) (o d j) (m p n) (q d c) (l i j) (q k q) (a h o) (o l g) (g e a) (i h o) (d p o) (l j t) (c q i) (n d r) (p o d) (d d t) (q j i) (o d i) (a l c) (s f i) (e a q) (t q o) (j h s) (l e r) (h g f) (d r a) (s r c) (m p p) (a l n) (n s m) (f a p) (p r s) (m a n) (l l p) (e h i) (m b t) (b f d) (g n c) (b l p) (q f m) (f a h) (d b a) (k t d) (j a j) (n c d) (j n m) (e r h) (j h e) (q r e) (q t h) (s d p) (o q q) (h o d) (o i r) (r i d) (k a e) (b g l) (p f a) (k d s) (e b s) (e k h) (t e q) (n p d) (l t c) (d b b) (r o a) (o o m) (c i a) (m e h) (r k c) (f j n) (d j g) (p a e) (s a j) (m e m) (a a k) (i t c) (j a l) (s m d)
char 106 (r h g) (p f r) (n i p) (j q n) (t o e) (c p j) (k n s) (j l d) (c r a) (n l d) (r k l) (c h k) (r g f) (n l p) (s b f) (o b f) (c o e) (n o b) (g q r) (o q h) (q p s) (g r f) (n r j) (d k n) (h m f) (d d e) (p f t) (e n d) (e i t) (n t t) (q t d) (n h s) (l l g) (o r l) (a g h) (j p k) (t k o) (s n f) (l s b) (l h c) (n b n) (j p k) (b e o) (i m b) (e h l) (s q n) (a k l) (q k d) (j j c) (r l o) (t o i) (l b n) (j m b) (h d q) (p t f) (e e b) (n e m) (b e s) (l b n) (j b m) (q p j) (n d k) (t r n) (t p t) (m p l) (h d s) (d s o) (c g q) (k o f) (a d p) (t g r) (e s f) (j h f) (m f e) (k t n) (k i p) (f a j) (g q m) (i f p) (c i m) (m p c) (r n l) (o c q) (s q g) (i a n) (i a b) (g c o) (k s m) (j h g) (a h s) (b f p) (e h a) (a t n) (c e f) (p l n) (r f c) (p a s) (g t s) (o j n) (n i j) (r j a) (o d m) (t t e) (k j j) (h i q) (f o q)
bool 108 (0 0 1) (0 0 1) (1 0 0) (1 1 1) (1 0 1) (0 1 1) (0 0 0) (0 0 1) (1 1 1) (0 1 0) (1 0 1) (0 0 0) (0 1 0) (1 0 1) (1 0 0) (0 0 0) (0 0 0) (0 1 0) (1 0 0) (0 0 1) (0 1 0) (1 0 1) (1 1 0) (1 1 1) (0 0 0) (1 0 1) (1 1 0) (0 1 1) (1 0 0) (0 1 0) (1 1 0) (0 1 1) (0 0 1) (0 1 1) (1 0 1) (1 0 1) (0 0 1) (1 0 0) (0 0 1) (0 0 1) (1 0 1) (0 1 0) (1 1 0) (1 0 1) (0 1 0) (1 1 1) (0 1 0) (1 1 0) (0 0 1) (1 1 0) (1 1 0) (0 1 1) (0 1 1) (1 0 0) (0 0 1) (1 0 1) (1 0 1) (1 0 1) (1 0 1) (0 0 1) (0 0 1) (1 0 0) (1 0 0) (0 0 1) (0 1 1) (1 1 1) (1 0 0) (1 0 1) (1 0 0) (1 0 1) (1 0 0) (0 1 0) (0 1 1) (0 1 0) (0 0 1) (0 1 1) (0 0 0) (1 1 1) (1 0 1) (0 0 1) (0 1 0) (1 0 1) (0 1 1) (0 0 1) (1 1 0) (0 0 1) (0 1 0) (1 1 1) (0 1 1) (0 1 0) (0 1 0) (1 0 1) (1 0 0) (1 0 0) (0 1 1) (0 1 0) (0 0 0) (0 1 1) (0 0 1) (1 0 0) (1 1 0) (1 1 0) (0 1 0) (0 0 1) (0 0 1) (1 1 1) (0 0 1) (0 0 0)
double 109 (0.72 2.7 7.26) (7.78 8.53 4.26) (8.88 3.88 7.16) (8.14 4.92 2.45) (1.57 7.62 4.45) (9.43 7.75 8.14) (0.88 6.43 5.35) (1.55 8.03 1.44) (9.18 7.15 4.92) (5.13 4.2 7.05) (5.79 6.26 3.7) (7.17 1.08 2.01) (6.29 2.28 7.73) (0.87 0.77 9.73) (2.47 1.77 6.52) (7.63 9.87 3.49) (0.88 1.19 8.03) (3.16 6.66 1.11) (2.49 9.98 1) (1.92 2.08 6.18) (8.51 5.3 9.37) (8.1 3.94 1.81) (1.36 7.7 4.24) (6.23 5.02 5.46) (2.66 4.6 1.72) (8.21 9 9.37) (3.81 4.25 2.77) (7.14 0.86 0.22) (1 7.26 5.52) (9.03 8.09 1.22) (6.81 2.31 1.7) (6.97 2.9 8.08) (6.05 5.8 9.47) (5.36 3.34 9.92) (5.21 8.42 5.97) (1.49 6.36 5.25) (3.84 1.94 7.62) (0.03 6.72 7.79) (7.9 4.34 0.72) (2.94 1.57 7.88) (7.13 9.83 3.21) (4.57 0.18 5.39) (3.88 3.68 2.24) (7.24 3.52 9.82) (4.75 2.71 0.08) (0.6 1.32 1.22) (7.96 2.79 8.44) (2.27 5.19 8.44) (3.98 6.33 8.76) (1.71 6.52 0.74) (4.5 5.34 7.91) (2.19 0.38 5.85) (4.08 0.3 0.34) (2.64 6.23 2.87) (8.27 8.97 4.47) (8.84 3.35 9.56) (0.46 5.99 7.68) (9.68 9.41 3.12) (0.75 5.49 7.43) (9.91 1.6 6.54) (0.8 9.38 7.44) (6.42 9.46 8.61) (0.54 1.27 9.8) (6.9 0.7 0.39) (6.08 2.18 6.15) (8.56 7.16 4.78) (6.72 1.9 6.97) (0.61 7.99 1.17) (9.76 3.77 7.71) (7.74 8.7 5.93) (5.8 1.73 1.08) (4.69 8.63 0.23) (7.26 4.18 2.84) (5.87 2.75 4.51) (4.51 8.75 8.03) (6.74 0.42 4.02) (2.76 8.34 6.11) (3.48 5.7 6.57) (4.02 6.25 2.09) (4.28 1.78 0.12) (3.52 5.47 8.76) (2.58 1.64 5.81) (9 5.77 7.63) (6.43 0.52 6.76) (6.5 2.47 0.88) (2.8 1.83 9.11) (7.01 2.62 9.53) (9.01 4.87 1.95) (6.68 3.95 6.87) (8.65 0.25 1.83) (5.94 7.25 4.93) (2.7 2.44 2.92) (3.9 1.68 2.72) (3.55 4.17 6.69) (0.94 2.45 8.56) (5.86 2.06 6.39) (5.51 5.72 3.01) (8.72 1.16 6.08) (7.83 4.6 3.68) (2.86 5.4 9.15) (0.75 2.82 9.2) (3.2 2.57 7.33) (3.2 1.42 4.16) (3.12 8.43 2.92) (1.05 8.11 4.31) (1.81 3.46 2.49) (5.64 0.56 9.1) (6.45 9.66 1.22) (0.59 8.82 4.35)
bool 109 (1 1 1) (1 1 1) (1 0 0) (0 1 0) (0 1 0) (1 0 0) (1 0 1) (1 0 0) (1 1 1) (0 1 0) (1 0 1) (1 0 0) (0 0 1) (1 0 1) (1 0 0) (0 1 1) (1 0 1) (0 1 0) (0 0 0) (1 0 0) (0 1 0) (1 0 1) (1 0 1) (0 1 1) (1 1 1) (0 1 0) (1 0 0) (1 0 0) (0 0 0) (0 1 1) (1 1 1) (1 1 0) (0 1 1) (1 1 1) (0 0 1) (1 0 1) (1 1 0) (1 1 1) (1 0 1) (0 1 0) (0 1 0) (1 1 0) (0 0 1) (0 1 1) (1 1 1) (1 1 1) (0 1 0) (1 0 0) (0 0 0) (1 0 0) (1 0 0) (0 1 0) (0 0 1) (0 0 1) (0 0 1) (0 0 0) (0 0 0) (1 0 1) (1 1 0) (0 1 1) (0 1 1) (0 1 1) (1 0 1) (0 0 0) (1 1 0) (0 1 1) (1 0 1) (0 1 0) (0 0 1) (1 0 1) (0 1 0) (1 1 1) (0 0 1) (1 1 1) (1 0 0) (0 0 0) (1 1 0) (0 1 0) (1 1 0) (1 1 1) (1 1 0) (0 0 0) (1 1 1) (1 1 1) (0 0 1) (1 0 0) (0 1 0) (0 0 0) (1 0 0) (0 1 0) (0 1 0) (0 1 1) (0 0 1) (1 0 0) (1 0 1) (1 1 0) (1 0 0) (1 1 1) (1 0 0) (1 1 0) (0 0 0) (0 1 1) (0 1 1) (1 0 0) (0 0 0) (1 0 1) (1 1 1) (1 1 0) (0 1 1)