int 10 inorder 774 919 403 472 603 60 233 430 117 539
int 10 postorder 91 508 748 273 168 579 207 56 451 166
int 11 inorder 587 170 820 249 251 866 556 647 53 248 497
int 14 postorder 335 546 244 813 473 400 14 205 759 875 850 814 498 655
int 19 inorder 853 392 466 310 782 788 568 566 750 438 361 945 698 476 458 905 95 903 223
int 20 inorder 266 401 25 476 796 717 499 669 805 546 621 281 736 671 727 225 495 785 627 73
int 21 postorder 536 826 888 884 983 317 210 867 394 39 431 125 371 340 472 44 656 479 86 548 761
int 22 postorder 226 765 887 628 882 961 363 962 807 669 528 99 300 85 400 970 635 681 402 686 588 412
int 22 postorder 930 931 503 828 41 748 349 638 779 869 987 875 403 495 682 676 610 235 989 885 806 269
int 24 preorder 50 693 10 734 795 635 817 967 830 327 392 194 856 813 7 379 368 409 234 334 610 507 827 160
int 25 inorder 313 335 57 191 86 882 330 275 385 443 696 575 792 980 781 268 122 501 635 844 128 606 252 316 269
int 28 postorder 543 659 858 186 956 72 36 578 373 525 992 165 589 40 667 822 333 98 644 220 324 322 458 446 733 610 135 8
int 29 inorder 581 85 985 389 193 868 607 209 683 771 572 35 558 295 731 628 636 755 476 705 579 441 553 55 806 260 34 708 622
int 29 preorder 4 212 627 531 871 350 207 684 373 837 186 346 902 177 841 526 102 149 462 365 980 879 496 509 2 111 977 689 140
int 30 preorder 237 690 486 529 126 694 970 962 863 701 133 323 816 63 581 682 505 405 649 828 119 91 654 961 244 242 698 404 234 109
int 32 postorder 860 532 351 899 31 51 791 528 716 367 698 125 406 254 18 283 604 48 30 615 457 421 902 237 99 567 182 955 184 480 39 160
int 34 postorder 25 486 139 630 180 971 978 694 168 254 353 206 653 893 558 269 100 21 907 586 537 74 533 580 688 114 211 401 173 976 543 577 835 153
int 34 postorder 561 333 553 573 216 201 220 852 892 679 761 556 391 514 799 842 936 513 377 599 656 5 215 882 691 943 271 926 121 378 455 366 906 641
int 36 inorder 846 121 524 323 11 368 255 210 737 769 528 822 652 544 403 248 782 80 170 431 183 706 951 930 310 836 556 440 384 569 486 884 55 520 392 116
int 37 inorder 982 278 893 868 837 162 584 79 945 923 27 20 685 227 740 100 106 35 618 351 653 930 850 861 458 375 548 354 324 788 635 426 253 807 15 903 452
double 40 inorder 8.38 4.48 2.39 1.55 2.78 7.68 2.2 4.8 7.65 9.94 1.75 7.09 9.98 2.77 3.77 1.88 5.68 8.57 0.67 0.92 7.05 0.56 0.47 3.76 8.46 0.04 8.26 9.99 6.86 1.18 3.52 8.3 1.3 8.36 5.07 4.35 2.07 4.62 0.36 0.88
double 41 postorder 6.88 3.82 4.35 0.53 4.21 0.7 2.29 0.68 1.36 2.47 0.03 9.19 7.14 4.13 1.93 4.38 2.39 9.26 7.99 1.96 7.52 0.22 7.15 7.84 2.28 9.59 7.46 2.26 2.42 3.89 1.46 8.49 0.77 2.19 9.12 8.99 3.92 3.91 6.48 5.56 8.85
double 42 inorder 8.19 9.84 8.49 8.13 3.16 9.71 3.37 8.66 9.85 4.72 0.03 5.16 9.55 0.06 1.83 9.07 1.28 1.86 8.09 2.84 1.48 6.87 6.6 0.17 3.02 0.18 9.76 9.52 4.15 0.86 0.11 0.19 3.3 2.42 6.29 8.71 6.75 5.48 6.51 0.66 1.9 0.5
double 44 inorder 3.95 2.34 0.91 1.33 4.54 3.36 5.2 8.22 1.78 5.88 7.28 8.71 4.8 8.41 8.21 8.81 3.85 1.42 1.47 1.87 6.28 1.88 5.38 6.62 6 8.39 8.94 0.34 3.39 3.62 6.57 3.4 4.95 4.96 4.72 6.03 7.56 0.56 1.08 9.53 5.33 2.5 7.35 6.44
int 44 postorder 122 448 591 938 830 128 598 32 297 893 237 167 856 508 352 839 919 223 225 417 964 502 384 486 158 810 507 505 906 61 883 160 11 523 480 347 550 887 422 688 27 163 754 871
int 46 inorder 796 109 725 729 48 331 839 954 534 473 1 232 445 515 950 932 604 182 805 848 872 98 443 865 509 668 101 707 806 658 146 677 481 673 47 335 424 761 259 527 591 893 869 263 810 231
int 46 inorder 624 40 997 772 251 889 414 11 2 446 872 834 91 368 619 714 281 774 490 106 83 668 862 168 225 314 184 558 69 990 455 31 954 963 786 767 952 531 566 367 419 306 607 237 524 871
double 49 postorder 7.63 9.29 9.04 1.21 7.01 7.68 3.5 2.73 0.47 2.49 0.57 6.16 2.4 0.31 5.06 1.82 9.74 6.6 8.61 2.03 4.71 4.78 6.69 2.69 8.09 3.05 4.42 0.3 1 4.21 7.47 2.5 2.96 6.59 8.38 2.14 3.31 4.54 8.76 4.92 2.61 4.79 9.54 3.38 0.81 6.02 2.48 6.72 8.46
double 50 postorder 4.89 8.03 9.74 1.26 9.05 4.27 2.97 0.32 7.16 1.57 0.27 5.95 4.43 6.03 3.54 4.66 7.68 4.51 7.24 6.95 0.21 1.86 5.35 3.48 9.72 8.92 5.87 0.39 3.2 9.22 5.11 4.13 9.03 0.54 1.72 3.31 1.63 8.7 8.26 1.03 2.25 3.77 0.37 5.23 9.25 8.45 5.59 8.61 1.56 6.61
double 51 preorder 6.41 6.3 4.67 5.52 9.76 2.02 8.13 6.49 6.18 8.63 9.74 0.9 0.49 1.41 2.46 4.86 2.21 7.46 1.6 7.85 9.56 4.7 6.57 9.43 9.45 3.74 8.88 1.08 1.02 9.35 6.44 2.19 2.44 4.68 3.41 4.32 7.73 9.88 2.78 8.11 4.81 5.68 5 9.72 7.75 1.72 0.44 2.91 6.73 2.22 1.2
double 52 postorder 2.68 2.38 2.9 8.64 3.79 7.52 8.43 4.75 1.55 4.52 8.2 7.91 3.62 1.3 7.29 8.86 8.52 1.92 4.25 9.03 8.14 6.04 3.2 5.9 8.06 0.21 7.71 9.76 7.88 4.99 5.66 1.56 3.48 5.58 3.88 4.35 6.12 1.76 1.32 9.32 5.74 8.47 4.24 6.33 1.54 9.41 4.51 1.44 4.01 2.44 9.69 2.67
double 53 inorder 7.72 4.63 4.3 0.77 3.82 1.46 6.81 8.85 8.1 7.21 8.82 1.6 0.26 4.88 1.48 8.58 6.95 1.57 5.25 1.05 9.78 4.21 5.9 6.8 7.89 7.9 5.18 7.44 6.2 6.17 7.63 2.77 5.33 2.63 3.6 9.58 8.11 3.91 8.42 9.24 2.51 0.94 2.78 4.03 8.26 5.53 8.76 4.68 3.47 3.36 0.6 6.37 2.22
double 54 preorder 5.85 5.82 2.05 7.05 2.47 1.32 6.88 8.75 6.52 9.19 2.98 0.69 9.08 6.29 3.54 6.05 5.55 1.69 0.08 4.54 2.53 9.92 2.6 1.88 3.45 1.2 6.01 5.08 1.92 1.31 9.6 7.37 0.86 6.67 7.55 0.5 5.24 1.02 4.69 0.19 3.2 5.18 2.99 6.18 7.75 0.25 0.65 7.57 5.47 8.43 5.57 0.23 6 8.28
int 54 inorder 268 744 531 882 120 870 428 832 796 154 262 334 305 937 931 214 287 664 974 757 546 822 742 616 516 281 136 975 277 474 415 584 580 492 574 517 835 128 396 525 387 466 812 61 331 730 181 602 231 233 814 921 355 408
int 57 inorder 858 592 808 871 720 16 740 367 703 623 672 906 401 664 885 447 630 95 214 350 753 191 268 577 537 531 854 150 348 977 206 859 85 781 682 192 760 181 986 778 34 427 124 800 926 650 463 246 792 745 308 698 194 917 49 713 995
int 58 postorder 927 572 400 970 171 3 743 810 889 105 744 898 494 626 324 611 459 317 215 499 654 697 429 851 302 394 341 27 304 843 561 378 185 521 724 366 947 881 628 218 86 149 5 409 476 597 560 649 966 690 78 373 473 320 160 118 837 351
double 59 preorder 2.85 6.95 6.05 9.83 1.16 7.76 9.52 3.32 6.48 1.13 8.06 9.89 5.24 8.83 2.58 1.84 1.99 8.73 3.99 9.3 7.84 3.97 4.53 7.9 9.58 8.92 0.97 6.18 0.72 3.7 3.16 3.01 2.73 0.28 6.03 4.55 4.76 1.1 0.43 2.67 3.46 4.57 9.8 7.23 6.59 2.96 8.76 2.29 4.44 6.14 1.67 9.92 9.82 0.35 0.84 0.52 1.11 6.58 1.43
int 59 postorder 344 167 577 199 320 981 895 777 964 3 563 883 691 177 126 670 87 221 576 373 830 707 788 521 621 299 581 219 369 732 680 968 393 527 275 935 592 696 584 455 179 648 947 949 976 824 439 333 759 78 877 752 8 462 365 808 229 240 323
double 59 preorder 7.44 3.18 2.96 8.19 3.48 9.64 0.94 5.32 8.56 0.01 0.67 9.43 7.94 1.9 0.83 4.35 7.61 0.17 2.38 6.93 9.35 8.76 3.65 9.91 4.56 8.01 4.83 4.51 6.62 0.97 3.08 8.53 9.47 3.15 0.33 3.6 9.07 3.01 6.24 8.49 0.28 8.23 1.26 7.95 2.95 5.57 0.08 6.11 4.91 9.79 4.6 8.42 2.44 1.71 3.71 3.96 2.21 0.87 4.52
double 59 inorder 4.57 6.63 8.88 7.8 6.36 2.48 8.46 8.73 0.26 0.18 9.17 6.96 4.51 0.81 2.79 9.87 7.12 1.8 6.79 7.95 6.26 8.31 4.38 1.47 6.69 1.86 7.99 6.76 8.85 5.37 4 4.94 2.38 6.44 4.56 8.52 8.64 9.27 6.68 0.36 4.92 9.19 5.84 1.99 5.82 1.87 1.85 5.06 0.15 2.56 0.24 0.53 3.47 4.18 0.85 8.14 6.88 3.31 4.13
int 60 preorder 648 201 802 721 348 120 587 716 223 498 826 621 83 34 910 807 955 581 822 84 819 408 113 133 63 883 62 503 981 155 775 412 614 605 585 306 405 728 520 463 550 425 486 624 291 664 347 547 946 526 491 493 592 700 140 918 218 969 368 713
double 61 inorder 6.97 3.49 4.07 7.26 0.33 2 6.05 4.04 2.54 3.89 2.13 1.71 8.94 2.06 3.31 9.88 8.22 4.9 8.14 2.3 2.12 0.19 8.23 9.55 2.95 7.82 0.3 7.24 3.54 8.18 7.69 6.91 7.28 3.99 9.21 1.88 8.4 5.86 3.82 7.1 4.54 3.35 8.2 9.95 5.18 4.18 9.57 0.21 1.09 3.06 6.86 4.97 5.74 3.63 4.51 4.81 7.63 9.62 9.67 3.96 5.26
int 61 inorder 860 851 627 329 965 324 258 53 422 299 777 623 467 848 110 256 760 596 665 385 327 679 21 115 456 983 42 82 125 654 187 343 468 849 305 3 690 629 651 26 976 184 412 864 982 587 496 335 915 609 698 183 994 102 459 275 689 433 508 92 410
double 63 inorder 3.79 5.75 3.81 9.12 5.69 1.48 5.2 2.53 8.34 4.26 8.56 0.99 9.92 5.86 5.25 3.74 1.46 8.44 6.91 6.03 5.59 4.54 4.95 5.33 9.38 5.83 9.83 9.89 2.1 9.22 6.15 0.3 7.02 0.31 5.55 5.73 3.82 0.37 6.52 9.69 3.65 4.21 5.17 9.77 9.74 9.06 7.76 9.82 7.37 0.39 7.83 6.1 4.13 4.56 3.54 4.19 1.51 1.81 3.21 1.05 2.75 3.49 8.5
int 64 postorder 398 292 433 691 778 26 331 228 799 894 995 103 34 879 677 539 304 617 729 122 232 205 850 818 875 588 534 386 480 853 802 55 280 438 351 737 243 395 874 650 346 954 666 266 288 989 516 824 366 263 716 147 178 914 286 786 83 804 316 922 289 372 764 19
int 65 inorder 349 157 510 855 781 893 487 947 928 27 564 765 955 718 543 537 369 685 417 352 825 260 65 565 793 101 364 337 528 192 944 446 181 634 23 811 300 974 649 794 521 530 437 684 354 284 160 599 203 980 321 977 502 727 127 677 871 147 659 619 236 419 809 8 64
double 66 inorder 3.89 9.61 0.23 3.75 8.54 9.82 8.14 1.74 9.74 6.31 5.82 2.45 3.08 8.77 7.21 2.38 0.48 5.35 8.91 0.19 0.33 6.62 8.81 3.46 9.22 6.03 3.98 9.54 3.03 6.05 6.58 3.04 4.71 9.42 4.28 3.01 3.93 0.46 2.84 4.66 8.4 7.89 5.1 8.7 6.59 9.93 9.64 0.6 0.07 3.1 3.05 3.42 0.29 0.92 5.75 4.73 2.02 8.79 0.25 1.57 7.07 2.49 8.57 5.81 7.34 4.41
int 66 inorder 759 627 271 576 933 218 329 949 347 788 57 285 662 423 928 840 762 294 391 115 386 791 188 442 163 388 879 829 417 203 122 194 691 939 405 634 588 677 898 844 212 431 648 953 868 32 395 103 736 696 980 339 653 476 983 826 804 783 821 486 125 915 824 441 720 842
double 66 inorder 7.01 0.74 8.21 1.29 1.64 2.7 1.42 2.05 4.43 9.8 6.49 0.79 0.64 6.98 2.25 3.2 7.46 3.57 1.34 4.78 8.51 2.27 8.79 4.44 9.92 3.31 9.23 7.27 7.11 0.44 9.47 3.26 5.28 8.17 9.72 0.8 7.37 2.06 0.03 2.97 9.91 5.46 0.06 4.21 1.6 2.21 4.85 8.12 8.01 3.96 5.78 8.66 6.97 5.43 4.13 7.8 4.8 5.69 4.35 6.92 7.33 4.01 3.09 1.59 7.22 0.17
int 66 postorder 697 156 1 941 788 610 351 24 986 880 811 617 245 590 665 561 905 208 89 706 215 987 355 415 838 467 970 551 406 516 915 472 964 372 540 759 151 228 61 340 225 962 20 519 155 14 893 671 604 633 267 17 5 275 684 90 261 495 932 976 687 562 931 799 53 515
int 68 preorder 987 53 180 488 918 777 126 148 102 975 648 920 172 551 838 79 69 378 866 803 937 364 790 952 531 22 863 405 540 951 699 407 614 367 743 623 837 332 87 213 291 516 701 354 607 49 617 741 886 431 37 284 306 554 666 490 793 533 231 763 677 397 829 2 884 870 195 51
double 69 postorder 2.86 9.86 7.78 8.76 1.6 3.14 6.02 1.28 4.85 5.87 9.17 0.36 3.75 9.15 6.84 3.13 7.53 5.68 2.88 1.97 4.05 4.88 3.99 9.79 3.48 3.09 7.48 6.91 0.9 0.77 2.09 3.71 8.2 7.84 6.73 9.18 2.25 3.62 5.56 9.37 0.87 1.59 7.64 9.7 1.36 1.46 1.88 4.06 4.21 2.2 1.4 9.84 5.1 1.47 5.98 2.27 5.43 7.79 8.22 8.47 6.5 0.45 6.38 9.02 4.92 0.98 0.52 6.9 4.68
int 71 postorder 612 293 677 405 940 708 736 556 99 778 333 541 121 814 96 509 195 397 124 392 843 424 136 537 782 144 881 92 880 673 764 191 123 544 95 365 443 493 294 350 332 330 476 545 248 281 425 273 684 20 34 553 798 867 826 222 763 396 996 457 998 751 568 620 512 650 520 808 961 724 649
double 73 inorder 8.39 4.84 8.9 2 1.46 7.15 4.01 2.93 4.46 7.05 2.34 9.76 7.79 0.85 6.57 9.12 0.08 3.66 5.11 9.3 7.58 5.78 7.5 8.25 5.95 6.94 7.28 3.87 7.62 1.43 0.02 8.37 1.77 4.89 3.4 0.45 6.36 0.7 0.49 6.6 1.93 6.35 8.51 6.03 7.75 9.8 3.04 9.03 5.25 8.56 2.47 1.49 2.64 4.31 0.2 6.34 3.17 8.57 8.65 7.21 1.36 5.68 4.94 2.82 6.61 5.74 6.13 5.52 1.32 9.69 2.35 4.55 3.09
double 74 postorder 6.7 3.74 2.08 0.63 3.33 5.11 1.08 2.17 7.6 1.92 9.78 9.31 2.31 4.3 9.6 1.72 4.52 4.2 2.57 8 7.31 0.94 6.73 2.11 5.26 9.36 7.63 5 2.55 9.59 5.29 5.38 5.25 2.63 3.91 0.26 7.11 5.82 1.69 1.7 9.82 4.09 8.32 9.5 2.91 4.17 8.99 6.15 4.65 8.83 4.48 9.55 5.8 1.89 2.38 2.95 2.19 4.1 1.85 5.32 2.83 6.19 5.63 5.6 2.84 4.26 1.76 8.38 0.78 9.06 1.82 0.37 5.35 7.36
double 75 inorder 9.69 9.17 5.46 8.5 0.2 1.8 9.93 1.43 1.93 3.6 9.63 1.2 5.39 4.31 1.31 5.14 9.1 1.7 2.66 5.23 4.21 5.58 1.23 9.45 5.99 9.02 4.71 2.84 9.96 8.36 7.27 9.76 7.52 6.21 3.81 7.9 6.95 9.87 8.33 6.81 0.06 2.9 6.75 8.62 9.71 8.68 7.01 5.81 6.41 4.44 5.85 4.13 0.02 1.42 1.62 8.53 2.44 5.24 3.12 9.3 2.58 1.6 1.71 1.05 0.31 0.09 7.32 1.52 2.5 9.16 1.47 8.37 5.51 8.41 6.25
double 75 postorder 0.59 0.82 5.89 2.44 4.56 0.49 2.59 9.85 2.62 3.58 0.31 7.29 6.29 6.14 0.63 7.28 9.48 0.79 9.98 7.44 4.09 7.02 0.43 1.29 5.15 0.74 3.67 4.36 8.08 8.79 6.83 6.37 7.35 7.84 5.73 9.76 3.88 0.88 5.01 4.23 3.51 4.34 0.42 2.26 5.25 6.97 9.35 0.47 2.6 4.73 5.47 5.59 1.4 9.69 6.99 9.3 4.21 0.04 7.74 7.37 2.7 5.23 6.16 7.63 1.04 5.53 6.92 9.59 3.25 4.53 7.01 6.77 3.07 0.75 2.67
double 75 inorder 7.62 0.53 7.98 4.36 7.09 6.82 9.89 6.51 3.28 8.19 6.91 0.37 1.17 0.56 8.58 0.67 1.53 9.09 5.43 8.26 1.39 8.56 1.07 4.25 1.26 9.32 6.07 4.04 2.69 0.44 1.12 4.23 8.33 4.52 5.83 9.65 5.6 7.71 1.51 9.11 8.78 5.54 3.64 4.92 7.55 4.31 1.74 9.39 3.88 6.19 4.73 3.5 5.15 1.36 8.42 3.71 4.08 3.6 0.18 1.72 9.08 9.97 2.07 2.59 0.95 8.46 9.15 5.22 4.24 4.61 3.32 1.87 5.61 0.3 1.46
double 76 postorder 8.27 0.47 2.71 9.01 5.17 1.69 4.63 7.03 7.96 2.77 2.19 8.09 8.79 3.7 5.77 5.54 8.88 2.31 8.93 8.51 1.07 5.44 7.25 2.33 2.14 9.34 5.34 4.44 1.65 6.13 1.37 9.21 3.74 2.06 7.4 2.81 6.19 1.9 4.4 5.26 7.92 8.2 0.39 8.5 3.2 0.64 6.62 1.43 5.96 9.3 7.08 8.91 2.57 3.02 5.21 0.44 9.92 4.74 1.97 6.73 0.78 0.31 8.01 5.84 4.1 5.15 9.58 7.27 1.27 9.5 5.43 4.11 9.48 0.67 5.46 5.2
double 76 postorder 6.12 7.87 2.56 4.99 9.91 8.87 8.79 7.35 4.19 8.76 4.68 6.38 8.83 3.71 6.85 3.91 5.91 9.18 3.5 6.04 8.82 9.79 2.3 0.05 6.1 7.11 9.22 5.24 0.94 2.27 5.66 9.35 5.1 5.62 3.14 2.12 7.98 8.27 5.23 8 2.32 8.44 8.81 9.97 4.03 8.07 0.74 9.86 0.22 9.28 5.03 6.64 6.47 3.34 8.9 1.88 6.15 5.73 6.39 6.03 3.82 9.74 3.16 1.11 2.51 0.96 9.94 0.39 7.42 2.75 5.27 2 3.54 3.43 6.56 2.68
int 77 inorder 111 735 216 52 954 248 250 880 795 61 776 8 708 884 456 273 201 389 27 151 78 527 172 525 136 780 838 471 251 65 453 772 957 762 118 888 724 432 698 663 196 288 912 544 891 958 756 286 890 89 576 110 555 854 481 833 496 221 170 70 92 998 425 979 843 540 721 260 627 101 54 188 560 333 395 966 714
double 77 postorder 2.1 0.19 1.21 2.75 4.34 3.94 9.48 0.44 4.29 1.35 5.98 4.25 2.48 9.95 5.68 8.98 5.5 8.08 9.4 0.39 4.52 3.86 0.7 5.97 9.69 3.84 4.17 2.79 0.18 2.09 4.37 3.23 5.87 8.26 2.73 6.17 8.95 1.41 1.6 9.47 0.95 3.35 9.8 5.58 3.78 6.68 1.7 5.72 2.26 8.73 0.97 7.86 7.32 3.74 5.51 3.77 4.86 5.33 1.48 9.38 3.65 8.15 2.96 8.91 4.12 1.04 8.78 0.69 3.99 7.21 3.33 5.57 7.2 9.12 0.6 7.3 0.57
int 78 inorder 441 337 882 814 34 959 254 793 284 607 13 532 307 790 135 488 305 534 346 451 872 221 928 393 116 808 380 716 242 361 12 437 658 988 664 723 659 394 802 268 20 573 652 986 767 971 752 36 189 985 501 651 980 893 620 315 559 383 867 229 500 863 416 52 329 452 925 766 780 183 776 778 58 941 973 76 551 443
int 79 postorder 146 165 334 31 716 454 357 341 792 864 8 526 722 25 501 523 204 410 345 809 401 784 859 752 542 372 998 737 496 783 794 178 514 440 429 353 284 564 860 123 686 367 897 383 393 529 450 102 730 116 996 458 126 993 940 505 191 270 942 510 692 281 203 290 46 965 511 810 901 356 920 229 466 252 851 137 808 323 472
int 81 inorder 236 689 663 195 474 917 509 419 962 369 211 686 437 862 817 261 958 739 731 590 38 938 658 399 425 470 848 735 871 571 173 709 568 555 508 217 279 490 428 607 113 963 40 660 140 706 959 856 553 309 178 506 955 347 723 612 696 793 353 844 747 606 975 596 605 415 378 530 481 491 459 440 510 220 238 187 460 948 364 957 71
double 81 preorder 4.55 1.98 4.56 5.56 3.88 9.6 2.86 4.71 1.74 0.3 1.25 5.21 6.52 3.74 7.43 4.93 4.98 3 8.51 0.14 9.75 5.25 0.97 4.21 4.29 7.18 5.09 4.79 8.38 4.92 4.65 0.82 0.04 6.24 6.62 3.55 8.34 9.35 5.88 1.7 3.84 4.54 3.33 0.89 3.73 9.19 5.92 3.98 0.4 8.25 2.27 7.92 3.03 1.19 6.17 2.67 5.44 0.26 1.38 9.86 2.93 3.25 2.08 8.94 5.65 0.77 2.32 8.78 8.47 6.15 7.84 4.09 0.15 5.16 1.77 2.06 1.79 2.02 7.26 6.13 1.46
int 81 preorder 955 485 597 271 56 327 934 716 641 389 958 169 267 229 74 88 330 645 608 591 486 897 562 643 224 98 839 285 585 837 261 885 607 149 70 578 395 754 845 635 586 276 154 715 773 120 755 121 601 230 804 620 979 588 344 557 201 717 91 688 722 287 745 926 720 900 560 367 245 534 339 521 552 127 847 14 279 165 747 998 227
int 82 inorder 131 218 243 329 392 124 191 365 809 823 768 732 759 910 632 504 301 885 835 723 715 907 261 293 435 437 918 741 796 439 442 509 163 653 853 322 434 565 277 53 566 831 558 417 314 667 349 915 206 409 194 930 761 102 800 787 521 867 475 462 445 597 24 152 998 518 838 578 530 513 14 342 554 745 523 555 857 492 75 549 684 46
int 83 inorder 990 426 83 870 665 309 101 710 486 847 391 993 112 827 260 29 683 685 409 149 30 845 628 283 434 944 12 72 591 861 548 608 740 197 647 627 49 929 701 723 354 851 433 28 849 39 46 160 419 147 888 251 176 173 595 51 706 639 351 940 342 555 983 296 712 156 115 328 447 275 128 489 242 445 963 449 276 400 969 425 823 747 785
double 83 preorder 1.26 2.5 8.08 6.82 1.39 7.03 3.89 1.57 4.33 7.85 8.84 1.42 7.68 6.48 1.18 0.52 9.88 3.09 5.77 0.93 7.55 3.78 3.57 6.14 1.34 1.88 9.57 8.16 4.92 4.07 3.01 5.7 1.79 2.95 8.56 7.71 6.46 8.54 2.09 9.04 3.77 8.74 0.98 9.61 0.02 0.94 5.44 1.33 9.13 6.73 1.68 1.81 4.18 6.12 5.54 7.33 0.19 0.08 0.95 7.9 0.9 5.56 7.45 1.53 7.77 5.63 7.97 8.34 7.08 9.05 9.36 7.18 0.84 0.82 1.72 7.4 2.05 7.88 4.14 3.81 1.84 5.55 9.95
int 84 inorder 232 695 878 957 753 581 416 621 419 877 281 159 997 934 777 253 930 86 870 837 783 251 820 319 430 454 380 594 442 914 654 579 814 643 497 60 541 701 965 909 18 963 250 311 813 841 570 340 689 927 267 952 961 240 928 42 708 165 766 73 681 238 545 120 371 990 866 204 996 874 65 222 849 227 163 945 860 578 117 389 195 1 133 78
int 85 postorder 599 573 841 980 447 900 299 291 270 102 687 52 64 471 707 409 601 462 130 263 224 430 149 796 509 970 23 929 163 424 866 407 823 567 360 611 392 367 536 211 483 178 810 742 363 63 7 50 520 322 119 213 105 659 476 34 171 995 161 798 851 132 518 51 370 351 112 268 237 346 156 182 876 273 429 698 396 420 255 561 190 445 555 287 398
int 85 postorder 799 264 607 778 386 943 385 314 303 849 379 858 519 390 731 683 400 155 614 39 501 131 241 159 623 523 29 667 702 603 929 442 282 40 545 280 237 570 571 530 712 9 332 284 733 98 676 662 830 527 592 489 671 971 97 377 704 317 670 968 656 124 276 882 737 717 479 730 896 240 358 145 115 718 330 130 693 871 762 888 868 739 542 812 582
double 85 postorder 3.89 3.72 8.78 2.63 1.67 5.14 8.92 1.97 3.6 9.13 4.53 9.8 6.55 6.85 3.21 5.42 7.82 2.6 5.4 6.5 3.7 6.91 5.22 7.99 8.99 0.47 2.37 1.44 4.05 4.79 9.76 7.78 7.79 3.86 3.48 3.25 8.58 8.31 9.36 6.03 0.53 1.31 8.56 3.98 2.35 4.1 2.13 1.17 4.35 6.78 4.48 3.74 4.15 8.98 9.52 9.83 6.45 8.43 6.73 8.35 3.22 6.33 1.33 5.69 0.15 5.11 1.99 0.85 4.93 0.27 1.4 6.26 3.51 7.87 5.08 0.59 1.48 4.58 9.58 2.32 5.02 5.32 8.69 8.94 2.57
double 85 preorder 7.12 4.15 4.39 7.76 0.14 6.54 9.96 9.59 0.54 4.16 2 6.56 4.38 6.25 8.01 8.77 1.28 3.01 3.32 5.44 2.36 8.67 8.04 9.8 6.14 6.78 3.34 6.5 4.43 9.63 4.71 5.37 8.15 7.37 4.25 3.44 6.16 7.79 3.3 8.52 3.88 6.84 4.37 3.4 3.18 5.9 4.69 3.8 9.77 0.17 7.91 0.46 7.19 5.07 3.61 4.65 9.36 4.72 4.83 7.45 9.41 4.64 8.23 5.41 4.98 2.06 7.64 9.98 6.13 0.02 2.69 3.92 5.73 8.36 8.93 9.18 7.18 8.48 0.8 7.38 9.25 5.87 8.86 4.32 0.87
int 87 preorder 154 325 93 52 169 103 390 125 180 310 840 641 199 262 465 847 954 77 672 838 441 920 648 835 328 907 376 570 654 663 149 991 975 949 223 221 955 515 344 880 818 415 21 728 541 168 345 121 807 972 768 938 309 668 279 725 65 399 517 95 544 122 640 191 320 437 418 212 260 596 547 529 646 554 271 92 272 369 466 786 587 143 84 82 118 639 535
int 87 preorder 978 122 700 480 409 751 86 116 350 443 14 281 527 990 808 477 456 713 863 630 372 123 90 189 143 592 472 147 112 989 448 410 772 511 507 323 181 623 622 391 389 786 182 773 469 619 821 250 868 435 249 487 702 802 640 226 151 295 234 964 130 504 598 709 388 320 496 861 594 656 662 201 720 97 15 223 46 522 812 21 379 40 985 127 508 675 986
double 88 postorder 5.13 9.46 6.47 5.37 2.92 2.39 8.31 4.27 0.19 5.74 8.3 3.42 1.86 1 4.42 9.01 0.49 4.2 7.52 2.71 6.95 9.06 2.17 1.49 9.71 2.74 9.14 9.89 6.76 2.35 6.32 0.63 4.99 5.83 3.34 8.89 8.2 9.22 5.07 8.58 8.72 5.67 7.22 8.46 9.93 6.19 6.4 8.06 9.54 7.84 6.82 4.52 3.1 6.2 1.47 4.69 0.33 8.48 4.3 8.92 2.65 4.33 5.27 6.59 5.94 7.34 1.2 4.36 5.77 4.54 4.94 3.45 0.36 7.3 2.09 7.32 3.05 8.75 6.5 1.74 1.8 7.05 5.71 7.09 3.51 5.66 1.73 9.23
int 88 inorder 123 895 198 399 182 102 473 851 409 908 704 380 245 816 463 724 346 488 285 453 615 802 421 292 343 513 258 625 854 783 934 876 214 331 330 784 878 576 747 443 870 641 785 569 16 26 812 391 66 240 725 327 896 442 460 448 591 505 48 151 431 579 370 450 29 698 561 11 645 772 241 530 108 371 790 873 748 474 481 989 670 923 337 504 706 535 27 900
int 90 inorder 733 751 26 877 957 895 600 711 72 844 598 682 182 972 768 687 851 666 423 276 115 899 361 912 458 602 511 86 485 53 464 991 369 959 771 719 280 940 619 446 713 302 542 828 607 192 593 450 869 650 669 313 923 825 715 426 955 570 850 163 856 936 708 193 108 954 84 486 915 573 262 263 161 718 189 741 270 492 275 582 496 217 978 81 944 482 813 874 201 179
int 92 preorder 416 834 463 394 64 424 233 264 514 451 270 502 765 830 261 645 969 251 763 371 140 323 784 315 150 215 570 777 593 67 380 94 345 534 360 226 971 22 539 93 817 38 367 752 511 775 415 976 435 997 707 305 397 612 317 263 653 43 78 499 589 329 156 914 599 568 134 935 803 393 666 985 576 295 51 310 445 26 418 99 713 131 759 996 90 613 541 769 638 702 753 562
int 93 postorder 891 128 468 317 287 930 741 481 733 37 158 68 835 473 664 333 363 57 485 832 463 193 263 646 647 178 488 87 837 319 34 654 878 365 505 731 151 286 789 550 828 290 847 116 348 612 33 91 484 356 441 507 537 240 620 793 243 947 588 332 212 199 492 690 134 591 504 423 470 653 417 745 373 43 548 247 186 260 792 929 736 935 775 857 140 318 83 990 418 477 942 269 497
double 93 preorder 1.19 2.07 1.22 1.69 4.5 1.77 0.85 8.58 7.08 1.61 9.6 6.87 0.95 0.64 1.04 5.66 1.81 9.71 3.48 2.12 5.49 7.25 8.79 8.8 1.27 9.58 8.1 2.46 6.93 0.25 6.55 8.16 6.62 9.38 3.75 5.18 7.41 5.33 6.19 5.12 5.25 0.58 5.24 0.35 2.2 1.78 0.5 3.53 4.72 0.03 4.48 3.59 4.33 3.61 8.89 5.95 2.4 4.39 9.85 4.16 1.92 6.85 8.17 2.71 5.58 9.46 1.71 2.93 3.92 4.66 6.22 3.3 7.69 0.55 9.43 7.75 1.55 5.17 7.68 6.52 8.76 4.58 4.24 1.98 0.72 6.01 1.36 1.16 3.19 7.32 5.45 3.65 8.28
double 93 postorder 4.16 5.68 1.26 0.73 7.09 6 8.25 5.83 6.32 5.72 8.91 1.22 4.34 5.71 3.21 8.99 8.68 3.44 2.65 0.27 9.77 0.45 4.39 9.19 1.33 1.66 6.47 2.82 6.04 5.9 7.91 1.41 1.13 7.71 1.2 4.37 4.23 6.6 1.59 8.52 1.37 7.39 2.45 4.6 7.99 2.67 2.27 9.75 6.86 0.15 5.01 1.88 5.45 4.24 7.53 7.23 0.72 3.5 1.93 5.25 6.02 4.95 7.3 3.27 3.29 6.63 3.02 0.82 1.57 8.93 0.01 2.73 5.1 7.76 5.84 5.65 6.3 3.08 8.83 3.69 1.8 5.82 1.45 2.88 0.2 3.83 9.34 3.84 4.73 3.1 6.8 4.76 8.1
double 95 preorder 8.89 6.22 0.3 7.58 9.91 8.22 7.05 1.5 1.83 9.24 9.32 3.09 8.58 6.75 5.25 7.77 4.2 8.15 1.13 9.37 4.61 9.54 4.96 5.78 4.41 1.05 2.68 8.29 0.77 8.56 3.66 2 7.69 2.1 8.08 6.34 0.94 9.93 4.03 6.41 0.59 1.16 9.87 6.1 9.33 2.4 3.39 0.56 1.92 8.7 4.88 2.23 5.08 3.65 4.58 5.43 1.06 6.17 7.85 7.62 9.26 5.05 5.48 3.11 2.84 2.69 9.42 2.99 7.7 2.93 9.21 1.75 2.34 1.11 2.04 7.61 7.47 5 2.56 1.25 1.34 8.52 5.18 3.14 5.84 0.54 6.93 6.99 2.39 7.89 2.12 2.22 4.01 9.35 4.89
int 95 postorder 670 47 924 980 510 197 88 687 450 717 861 337 77 236 654 124 988 579 714 810 16 744 535 972 826 894 739 633 966 518 216 632 962 893 287 564 904 417 34 354 175 506 441 951 930 705 937 18 758 530 552 978 716 554 447 43 390 533 463 17 842 671 604 114 144 574 955 78 465 726 741 118 328 65 301 396 482 635 210 339 818 912 641 891 294 313 792 838 3 397 878 952 959 241 531
int 96 preorder 678 84 91 499 727 498 419 14 387 985 846 486 388 315 843 997 830 434 710 768 879 816 954 475 630 648 651 528 367 633 560 313 506 145 306 803 597 261 11 943 312 175 390 766 848 123 396 418 57 675 401 694 415 141 667 549 96 403 800 269 296 770 374 683 948 71 522 891 178 424 775 637 298 484 47 467 413 972 516 885 845 793 720 728 358 602 464 755 618 341 653 292 792 24 733 93
int 96 inorder 95 837 930 998 955 39 431 500 994 871 750 959 706 462 433 898 109 562 954 120 414 25 269 420 621 467 240 663 90 284 353 481 565 16 402 405 229 110 807 327 350 370 323 859 130 201 463 78 630 319 88 408 213 631 54 17 84 135 950 780 508 146 326 210 381 590 684 390 205 102 359 139 250 542 964 552 49 615 469 894 908 234 222 60 569 640 460 763 993 544 304 940 595 5 97 984
double 99 postorder 3.66 6.62 0.12 3.99 1.78 5.75 0.96 7.52 6.94 1.22 9.75 0.54 7.85 7.72 6.45 3.28 1.27 9.58 1.75 8.05 3.89 0.92 0.1 4.47 4.31 7.46 0.65 8.58 7.78 7.7 5.29 9.53 2.86 6.67 1.77 2.33 7.38 3.13 3.59 3.7 9.8 7.29 2.09 3.86 7.87 7.18 4.73 4.26 3.78 4.34 2.92 7 9.71 0.49 0.51 5.73 6.66 8.07 4.69 3.36 1.26 2.8 2.58 1.28 6.47 0.99 3.35 3.04 7.67 8.5 2.53 3.42 3.38 7.3 8.55 0.29 3.21 6.61 4.99 8.11 5.63 1.67 1.69 8.74 7.51 6.91 5.07 1.12 1.38 8.86 8.95 4.96 0.08 6.64 3.23 6.16 3.72 7.07 2.12
int 100 postorder 452 388 878 11 488 5 209 998 17 887 730 30 762 228 86 832 437 66 758 648 576 326 798 833 448 295 927 986 351 774 363 384 559 782 166 114 187 157 412 178 910 195 468 930 663 308 160 830 411 524 617 173 150 750 21 409 424 596 578 39 25 864 907 377 355 233 614 421 653 764 675 293 211 207 481 676 182 230 280 376 274 985 359 156 644 619 319 608 949 890 671 94 860 791 528 26 844 432 831 582
double 101 postorder 6.28 6.99 6.41 7.19 9.4 7.98 1.05 8.83 5.22 5.66 5.08 6.77 8.69 2.16 8.7 9.46 3.36 3.17 6.82 9.78 0.93 8.55 7.37 7.75 9.09 9.65 8.86 5.04 4.54 9.91 7.9 2.98 5.96 6.48 7.05 8.02 4.32 9.23 8.59 0.61 7.56 1.25 3.57 8.6 8 1.65 1.51 3.88 0.71 2.66 3.91 0.01 9.77 3.46 5.88 0.83 6.58 6.87 0.41 1.78 7.25 8.77 6.15 2.42 2.8 2.41 3.8 1.61 9.49 1.98 7.96 1.24 9.06 1.53 1.85 7.43 3.27 1.29 0.56 9.81 0.92 0.6 7.55 2.64 3.72 4.07 2.74 6.5 9.73 9.14 7.26 8.11 5.62 0.74 7.8 6.57 4.87 1.12 1.22 4.64 8.84
int 103 postorder 885 203 475 824 383 769 537 92 893 295 177 930 45 385 665 722 623 257 272 441 136 300 570 548 103 852 468 974 238 492 32 214 986 670 781 964 432 109 499 648 319 161 80 912 87 806 402 838 28 215 241 900 420 731 652 235 462 505 934 917 786 72 931 133 909 856 30 519 265 766 129 452 460 684 69 997 61 849 834 189 764 246 724 113 245 509 154 650 557 708 384 435 427 585 656 872 329 867 268 333 822 739 647
double 104 inorder 2.9 1.26 7.6 0.49 3.83 9.82 6.31 0.18 7.21 1.11 5.51 5.16 9.65 0.05 0.06 3.35 2.24 5.8 4.35 4.27 2.38 7.28 3.77 5.42 8.97 8.69 8.07 0.15 0.83 6.52 7.78 2.25 1.53 4.09 5.5 8.11 2.89 7.27 1.58 1.98 8.56 1.95 6.38 9.58 3.04 9.2 4.22 4.38 2.58 9.8 2.84 0.81 1.88 9.28 9.59 0.47 8.38 3.16 4.81 6.43 0.93 5.06 9.04 7.93 7.42 6.87 9.27 1.6 0.63 1.63 3.41 1.03 4.71 5.74 5.07 8.73 1.83 9.57 1.31 7.11 1.47 1.56 5.22 4.41 3.43 7.76 6.63 5.55 2.51 8.29 5.99 8.68 5.29 8.04 1.29 7.06 9.42 2.13 5.98 4.28 2.73 9.1 2.04 4.23
int 104 postorder 650 384 518 133 62 716 199 594 327 404 714 221 82 270 929 758 501 449 832 207 665 787 600 809 611 257 60 526 994 347 78 182 779 52 883 142 504 75 790 685 127 805 562 834 160 319 796 430 478 183 590 511 444 405 390 687 636 630 279 136 925 876 341 917 362 495 869 658 861 2 67 545 858 605 742 785 132 523 559 103 863 239 748 166 678 845 123 528 995 191 215 251 911 679 800 651 17 506 529 900 724 659 484 93
int 105 postorder 460 905 412 779 964 453 263 935 357 501 219 208 907 409 284 497 11 752 134 147 370 89 9 285 971 23 153 624 955 140 555 333 397 991 384 630 944 115 286 62 825 706 903 520 485 827 936 40 385 917 815 676 104 782 518 861 294 80 960 666 360 813 165 222 101 639 142 116 426 213 682 278 454 192 511 500 746 771 119 229 267 128 107 418 768 843 391 849 956 303 921 254 166 127 794 850 122 3 367 989 478 718 121 204 435
double 105 postorder 0.32 9.08 1.99 6.36 7.93 0.13 8.05 9.89 8.38 9.79 1.47 1.77 7.74 5.92 8.43 0.82 4.05 4.09 3.34 1.7 7.89 1.87 2.55 8.44 2.94 6.74 1.4 4.93 6.54 9.88 5.83 7.17 0.95 8.36 6.91 6.58 7.96 7.56 8.93 7.09 3 4.46 1.52 3.06 9.1 0.58 8.71 3.16 8.02 3.05 1.08 7.01 0.83 3.65 0.15 3.66 4.96 4.49 7.23 1.29 4.58 3.75 5.22 5.38 4.13 0.98 2.51 0.56 3.55 5.3 4.44 6.77 1.04 0.22 3.62 2.28 5.73 6.14 4.86 0.96 9.39 3.67 7.55 5.08 1.98 1.3 6.07 9.75 8.45 5.57 6.64 2.33 0.79 8.13 5.24 7.69 0.68 9.91 2.16 9.97 2.4 3.51 2.07 3.72 2.09
int 106 preorder 397 288 747 215 633 748 699 271 439 614 909 112 214 144 437 557 758 584 993 661 593 642 10 612 524 814 435 833 315 934 346 131 574 535 324 377 883 922 231 218 912 360 648 538 403 791 589 655 196 276 399 449 652 392 312 721 448 773 618 239 488 687 779 224 111 966 277 47 355 207 470 504 202 39 634 895 106 429 242 671 455 477 502 971 862 219 801 368 261 988 426 926 367 752 715 637 21 198 404 985 658 192 858 920 203 630
double 107 preorder 5.3 8.43 6.08 3.08 5.03 4.39 4.56 0.14 7.59 0.75 4.4 9.97 5.67 2.48 7.04 0.1 9.68 3.7 0.24 5.86 9.86 2.37 8.39 7.37 6.81 3.01 3.91 7.56 7.72 8.54 6.98 3.45 6.21 2.87 5.2 6.72 2.44 5.52 6.45 6.17 3.32 1.44 3.22 3.02 0.11 9.15 2.41 9.84 1.4 9.64 4.89 8.23 4.48 7.77 6.63 0.26 7.28 9.65 4.62 8.27 7.48 4.64 3.53 3.76 0.03 7.75 4.34 8.32 6.74 2.2 3.72 0.8 0.76 2.21 7.01 8.24 6.54 9.53 5.87 0.09 5.59 1.72 7.61 4.55 5.14 0.63 5.25 3.15 2.49 4.72 5.92 7.68 0.95 3.49 4.28 6.22 6.44 6.69 0.32 8.3 8.22 1.93 4.94 3.05 6.38 2.39 7.23
int 108 preorder 856 443 597 981 797 162 694 427 221 40 305 818 608 16 225 71 24 425 934 90 154 658 606 52 957 201 879 773 46 389 42 716 983 433 567 404 973 878 109 766 125 190 530 586 307 603 509 67 986 613 989 13 91 279 296 387 642 320 281 384 725 925 83 568 984 912 183 192 269 605 152 918 310 556 222 824 478 286 461 631 678 138 654 332 561 227 990 675 529 198 798 130 30 133 436 569 742 365 440 624 698 309 275 500 450 301 842 372
double 108 preorder 3.59 0.9 0.79 0.51 8.24 0.86 6.59 1.04 5.43 7.31 7.21 9.53 3.01 8.87 3.6 9.61 1.34 0.28 0.44 2.83 5.68 1.75 9.26 0.59 3.03 5.61 6.86 6.54 3.95 2.24 7.83 4.96 5.99 4.54 8.37 0.57 2.13 3.4 9.16 2.59 5.15 4.14 6.19 8.54 4.86 7.58 0.83 1.72 6.46 7.01 9.8 2.4 1.66 3.02 4.35 2.61 0.61 2.05 2.41 1.08 3.09 6.8 8.15 5.4 8.08 9.63 0.37 5.6 9.18 8.18 0.73 1.56 7.52 6.01 2.75 1.35 8.03 8.36 7.29 5.55 6.3 2.17 3.1 1.74 6.16 0.05 3.33 9.62 2.42 1.12 1.4 5.01 2.98 1.59 3.72 4.94 4.65 0.78 5.1 2.44 8.74 6.6 5.18 4.95 1.58 5.92 6.29 1.46