34 6 3 11 12 4 1 8
73 8 16 13 8 4 12 9 5 6
53 9 16 5 6 3 11 4 17 9 8
73 10 3 5 13 14 16 9 12 2 11 17
65 11 14 4 16 9 20 19 22 10 7 21 5
61 13 15 24 10 9 3 4 11 19 20 12 5 14 23
90 17 28 24 3 23 20 8 10 30 32 4 21 9 13 14 29 22 31
54 17 32 13 25 28 27 11 21 24 14 5 23 8 9 6 16 19 4
64 17 7 29 5 3 13 19 23 9 12 6 28 2 30 18 1 25 11
80 19 20 16 17 18 35 8 4 37 36 31 29 10 1 28 13 2 15 38 33
229 19 36 15 18 14 35 1 19 28 6 34 20 21 11 27 23 12 37 8 7
119 20 26 24 37 29 13 18 35 34 40 21 7 8 22 30 2 20 31 11 1 28
188 20 37 39 27 32 18 21 3 2 16 9 1 26 22 14 35 13 7 29 17 25
110 22 10 12 43 40 18 25 27 4 3 1 35 15 16 13 44 41 6 8 31 21 36 26
88 24 47 42 16 33 14 4 2 12 19 41 29 21 40 18 11 3 34 10 20 37 28 17 6 43
249 24 28 4 27 45 33 41 13 8 32 43 15 29 10 1 14 48 21 31 19 38 30 6 35 44
72 26 47 19 49 14 24 35 23 5 20 37 38 39 27 41 15 42 26 17 31 30 29 28 45 43 3 52
72 27 29 27 8 47 7 6 33 39 4 41 12 24 17 11 19 44 34 48 10 32 43 5 54 22 30 21 23
251 27 41 3 27 43 36 38 37 31 1 11 8 26 21 51 33 22 46 48 32 14 23 16 5 19 7 12 17
117 28 53 12 13 9 23 38 54 16 2 31 46 5 43 22 56 47 30 19 41 27 15 37 6 51 52 42 32 33
131 28 6 41 4 26 27 25 44 8 46 45 56 38 17 50 40 21 28 3 48 19 15 12 7 5 18 22 42 20
268 31 26 1 35 28 39 38 49 53 51 4 59 6 13 21 3 62 31 50 9 48 32 24 43 5 27 57 46 41 22 34 12
61 31 32 21 54 27 45 33 14 1 38 42 7 18 36 39 44 59 28 15 5 47 30 48 16 56 51 12 19 10 46 29 34
171 32 31 16 14 29 36 38 27 57 32 1 17 13 25 64 47 28 44 10 8 18 35 3 12 60 50 61 53 58 22 48 39 23
238 32 16 55 59 52 13 7 47 1 15 35 24 2 38 14 41 54 8 64 29 23 63 40 48 43 20 33 60 28 44 49 3 4
77 33 43 35 1 36 34 15 53 19 65 59 8 18 62 57 48 17 27 49 5 12 50 45 55 51 9 25 4 60 56 13 58 10 21
234 33 55 20 25 7 43 50 52 59 15 9 18 31 57 10 17 35 37 36 41 16 24 21 54 34 32 61 65 1 33 44 11 14 38
140 33 17 66 37 52 38 34 35 3 55 12 6 28 4 50 10 18 59 40 45 41 7 23 44 13 30 26 19 33 46 49 5 31 58
158 35 35 62 14 36 17 3 66 59 1 13 47 49 54 7 4 20 65 43 19 25 40 8 12 6 27 30 31 68 11 39 69 52 44 64 18
221 36 69 36 53 6 68 8 67 58 61 43 39 4 64 41 49 25 26 38 3 54 16 23 35 22 56 14 9 20 24 30 50 47 5 27 15 48
206 37 45 70 26 20 17 48 27 49 32 40 60 54 11 23 18 36 6 7 3 61 1 52 44 33 15 35 63 34 64 38 51 41 12 22 31 25 57
335 37 32 38 68 26 3 54 50 62 33 35 55 19 41 45 6 43 53 14 5 28 57 9 27 67 47 30 61 64 18 7 69 73 11 51 46 13 63
181 37 66 24 12 7 60 55 34 8 45 37 42 13 49 33 67 5 52 26 29 32 16 40 4 22 20 25 47 64 30 54 72 69 31 27 62 48 38
188 38 55 20 16 40 9 60 46 12 30 31 51 28 66 74 21 15 11 32 70 67 8 64 33 71 23 65 57 59 52 58 7 25 34 43 6 3 27 38
181 40 9 61 45 11 21 25 46 62 29 32 58 70 20 78 53 8 44 22 73 59 56 24 43 47 57 40 28 72 48 30 74 64 1 34 49 71 38 6 65 19
483 41 51 17 27 7 67 3 56 48 23 68 69 76 73 5 42 12 30 54 66 79 31 40 64 44 32 60 13 14 11 4 75 74 70 22 61 24 78 49 34 18 1
245 42 12 9 66 81 28 16 15 46 18 55 57 29 38 43 77 62 76 10 42 4 71 37 49 74 25 64 23 32 53 31 33 61 63 17 75 39 67 34 3 36 45 13
156 43 26 7 30 50 82 47 74 53 56 78 36 63 79 9 4 62 19 1 31 49 33 51 35 8 83 32 66 15 17 28 37 38 27 73 6 41 80 43 21 76 75 61 86
299 47 7 21 25 38 33 43 74 53 11 57 29 58 79 15 55 41 77 24 18 82 67 19 16 88 80 81 42 49 69 65 91 92 51 13 44 46 34 50 63 54 70 30 78 32 73 45 27
157 48 84 42 74 93 88 82 25 15 70 85 23 79 30 75 11 80 64 69 22 67 8 52 48 20 55 68 34 57 24 91 36 47 28 51 63 6 61 86 27 29 53 2 92 35 76 50 19 40
496 49 30 42 6 63 46 58 48 68 67 26 95 35 54 75 7 12 73 4 94 98 1 3 55 37 86 76 49 44 62 23 2 77 79 38 50 83 14 84 21 36 5 96 56 93 31 34 51 72 28
395 49 5 40 31 30 49 62 83 54 82 79 63 65 11 64 85 50 32 22 23 96 41 55 95 33 42 77 93 27 24 69 51 57 52 17 67 43 59 97 87 90 70 21 86 72 48 18 8 74 44
225 49 14 79 91 43 19 36 54 63 15 6 10 86 45 80 69 41 52 26 7 30 25 47 89 49 28 85 22 21 2 32 34 71 31 73 3 51 56 62 94 16 64 58 90 23 66 92 68 88 40
423 50 26 94 61 11 60 88 55 80 67 34 8 68 93 27 91 53 83 5 25 20 51 46 62 54 81 79 14 72 100 92 84 33 38 50 42 75 9 77 12 45 21 31 32 63 36 74 99 58 47 76
273 51 71 43 99 55 19 5 6 24 47 50 95 9 102 45 81 29 80 26 79 31 12 94 33 58 41 53 85 32 65 75 11 49 10 76 15 62 61 83 73 34 57 1 23 2 88 96 78 39 38 18 37
231 51 72 88 6 2 8 32 75 101 89 69 55 42 97 30 64 58 71 66 28 20 7 82 87 74 17 47 93 29 15 31 53 56 86 102 45 99 92 36 24 51 22 67 25 18 65 40 100 50 13 44 68
357 56 20 4 44 31 67 80 87 23 46 25 75 96 97 56 85 21 26 34 69 91 11 104 94 76 51 36 32 89 29 13 95 27 64 62 53 15 71 43 22 65 58 68 83 48 5 103 54 1 28 111 35 84 33 45 52 63
290 56 58 56 4 8 48 17 99 20 54 61 11 60 15 22 27 104 32 33 30 77 71 107 82 96 36 3 110 6 43 26 28 40 68 39 16 90 98 62 85 38 76 46 31 86 93 72 7 100 67 73 97 64 66 42 74 91
245 57 31 87 77 102 89 4 6 111 107 91 63 44 34 18 69 12 39 79 9 5 21 26 59 61 28 97 2 51 104 55 20 23 41 71 50 48 10 108 40 54 8 47 15 19 46 35 95 62 76 42 113 38 3 7 36 53 16
371 57 34 55 59 22 23 14 4 12 38 49 110 54 21 56 7 90 94 80 97 84 1 98 17 46 69 8 13 31 48 57 32 103 82 91 64 95 25 108 113 50 67 24 35 19 62 42 40 44 65 107 10 92 76 3 78 101 39
547 59 18 102 113 49 29 99 22 21 79 4 97 96 65 57 36 83 50 1 13 35 81 58 28 78 7 76 90 98 64 51 85 69 26 27 84 92 110 109 10 25 118 53 75 74 68 44 43 9 71 91 94 66 19 34 105 32 82 40 24
303 60 35 79 112 78 24 1 101 26 7 44 37 15 111 31 52 106 17 63 64 48 47 67 104 65 73 98 51 21 97 33 113 118 100 38 88 83 9 102 91 46 89 39 82 42 14 45 23 30 58 6 94 29 13 114 22 27 76 85 54 120
328 61 20 122 79 15 27 35 120 104 14 1 47 26 32 46 90 106 21 34 50 28 9 81 7 77 54 108 96 58 85 10 33 84 121 86 64 63 41 6 38 114 71 4 57 29 118 76 87 43 72 22 44 74 89 105 92 36 102 25 99 80 88
310 61 118 85 88 18 35 49 1 16 23 3 114 42 63 12 104 61 96 83 68 121 101 30 77 111 86 79 50 98 40 90 102 20 57 108 21 26 31 38 55 34 11 122 10 37 4 81 99 107 82 94 47 25 105 93 7 9 100 73 45 103 72
295 62 100 40 6 101 76 124 2 61 107 94 71 23 78 86 88 20 109 96 92 46 52 41 99 110 91 19 69 10 85 58 115 17 70 67 84 13 121 63 62 90 74 87 4 59 18 72 16 111 113 12 105 80 79 77 103 47 55 73 7 50 34 95
521 62 86 92 50 38 52 10 25 3 57 124 115 2 87 93 13 90 35 64 101 18 119 33 39 44 80 23 66 53 118 73 42 21 26 114 113 16 27 37 1 72 111 95 15 75 61 105 19 110 20 98 63 45 46 100 122 94 78 30 85 54 4 108
278 67 51 90 93 122 65 121 13 22 66 20 96 105 41 106 97 107 88 81 36 48 56 134 46 58 55 37 110 33 112 28 78 35 71 89 3 11 43 26 118 99 111 60 124 53 19 32 27 45 7 117 47 129 109 79 100 59 75 84 101 103 52 85 87 15 104 72 62
601 67 123 35 40 6 80 41 29 76 64 32 24 85 59 69 93 30 111 28 31 44 112 91 5 11 104 115 53 2 1 56 45 78 33 77 124 100 15 20 126 66 121 22 67 133 19 102 116 108 65 60 109 110 47 55 26 88 98 43 9 90 94 86 51 97 57 103 37
847 69 81 54 62 37 119 90 75 15 118 129 135 83 104 128 26 6 47 114 49 61 88 111 10 3 80 125 51 18 59 94 12 2 25 42 65 87 134 57 85 23 121 100 4 30 95 64 79 74 46 110 92 19 109 96 21 39 33 27 50 48 29 9 40 131 45 7 113 35 126
474 70 99 113 55 40 8 136 44 97 60 48 106 10 85 58 88 61 131 13 140 46 43 25 59 138 86 31 2 96 126 20 23 91 19 65 64 50 53 28 125 73 80 133 116 123 93 36 4 72 104 54 38 37 107 102 137 89 66 119 122 98 117 130 9 18 70 47 92 32 63 114
362 70 87 75 44 22 77 108 1 103 16 129 110 14 41 80 91 136 72 42 68 19 65 79 46 7 56 33 5 92 37 17 43 105 36 90 23 113 124 118 26 83 140 32 122 34 126 121 117 100 47 112 12 115 53 29 114 55 127 116 125 88 49 73 30 50 93 96 119 54 94 27
245 72 89 52 136 79 99 15 111 5 130 11 82 42 116 84 144 62 40 107 102 21 106 74 100 14 13 12 1 27 135 88 129 67 124 26 24 131 114 53 75 58 4 101 85 96 25 139 108 69 105 113 137 23 55 98 68 47 18 94 22 93 20 73 104 71 117 86 97 16 110 60 41 8
329 72 112 130 138 12 102 19 4 6 74 10 5 45 103 127 79 137 131 8 31 9 57 14 118 27 48 15 125 41 17 91 106 84 60 123 28 120 143 122 24 121 30 46 65 39 56 67 110 35 11 89 135 105 94 75 51 66 49 54 111 98 78 134 109 21 26 117 95 33 97 18 114 113
399 72 62 12 83 68 105 129 120 125 124 98 85 88 45 57 6 75 141 13 113 138 91 74 100 59 94 63 119 102 144 67 55 49 76 60 33 64 66 77 52 54 39 143 27 122 69 35 109 93 78 126 37 28 23 103 9 38 71 89 97 115 4 48 80 65 30 7 140 16 22 61 14 17
225 73 115 129 146 41 62 102 109 96 17 39 86 128 23 53 44 114 31 140 4 3 70 101 93 99 11 61 40 55 82 56 65 32 97 9 25 52 15 38 20 103 85 78 49 10 33 7 2 110 105 16 14 69 75 143 133 116 5 22 127 48 123 36 42 27 30 139 77 76 19 88 79 26 145
264 74 60 19 118 63 92 30 66 96 124 68 47 105 121 11 3 44 112 33 70 80 9 76 138 26 77 2 16 144 54 31 87 129 123 122 134 75 51 27 82 14 116 39 91 94 71 135 23 79 56 132 139 117 78 148 107 50 22 108 99 126 57 106 25 147 34 37 61 10 115 21 143 43 125 84
168 74 56 80 114 36 32 3 144 135 130 84 107 136 67 15 126 26 100 83 7 29 14 116 85 74 31 96 143 10 81 112 105 69 64 68 72 137 55 8 99 5 66 111 70 113 11 98 93 25 17 43 117 106 132 65 125 78 91 21 118 39 122 94 141 51 59 79 131 49 2 73 129 20 104 41
262 75 22 77 149 115 41 50 6 17 134 91 103 46 132 68 3 108 12 63 51 25 18 19 47 55 107 119 75 45 10 114 122 15 43 70 131 42 56 21 109 78 117 141 102 94 20 76 13 72 148 69 16 65 9 85 87 130 88 48 62 40 143 113 1 116 8 81 82 89 118 57 129 66 138 24 37
466 75 7 133 112 137 121 40 9 110 141 115 100 142 32 147 136 148 53 23 120 44 119 129 127 2 135 48 146 33 98 81 14 24 18 139 125 118 74 114 143 123 3 26 20 97 56 106 65 99 76 128 62 39 16 50 37 12 55 36 70 41 35 132 105 43 51 72 64 103 87 75 60 69 134 10 124
488 77 136 139 74 34 64 17 103 66 31 102 48 129 52 61 75 108 134 43 106 38 55 57 151 1 51 142 13 92 125 124 56 46 79 69 22 90 44 126 128 98 114 112 72 104 116 132 123 23 82 39 86 109 60 96 141 91 24 154 16 41 143 28 12 58 76 3 65 88 14 87 53 84 29 121 105 68 89
342 79 16 45 19 41 102 81 59 138 80 22 49 119 2 38 40 1 76 83 128 136 68 91 71 28 97 99 132 32 95 133 30 11 108 15 113 74 139 147 77 54 87 118 145 47 96 140 151 135 46 112 8 50 134 56 42 17 122 62 51 58 73 20 18 107 120 23 149 146 110 29 67 9 24 124 72 25 85 125 10
275 80 13 48 30 18 142 3 25 73 126 158 119 9 27 136 12 127 129 100 88 75 149 49 94 89 46 141 150 51 23 37 125 155 57 95 58 109 38 138 66 132 128 121 72 33 62 85 60 112 145 24 35 53 83 28 120 105 124 103 146 147 81 69 7 98 2 50 63 31 61 110 55 118 86 139 114 8 1 107 45 160
610 82 142 73 84 118 2 65 81 92 101 5 60 55 57 48 138 22 150 89 8 137 79 113 117 64 1 140 132 127 61 164 124 162 16 30 46 9 115 62 161 42 29 163 72 11 126 21 151 38 75 51 6 143 109 144 88 128 76 136 24 27 154 33 131 135 108 47 112 28 100 44 107 111 102 26 98 122 53 10 103 145 56 133
603 83 68 19 96 142 62 25 12 13 132 88 70 29 103 11 122 8 5 90 159 80 40 101 138 161 16 41 94 148 95 63 136 77 3 150 121 57 102 14 91 15 130 104 111 131 125 66 44 105 116 30 61 76 18 140 124 115 166 145 164 34 134 47 58 162 69 85 163 112 67 149 98 33 75 53 143 155 154 158 64 24 89 49 129
865 83 137 63 60 40 55 130 98 133 69 95 86 50 35 20 7 43 76 72 123 16 87 15 156 61 49 11 26 114 155 2 81 54 125 23 58 143 145 129 102 33 77 99 27 138 39 65 97 92 9 164 153 37 131 118 57 139 3 82 41 146 105 45 84 42 166 75 148 91 94 85 126 19 48 113 140 66 59 89 111 121 159 51 71
405 83 85 28 2 143 59 5 132 126 87 8 137 155 32 123 13 19 111 160 94 72 27 162 71 52 3 20 99 165 114 159 154 6 157 57 56 112 41 80 88 78 138 103 35 73 29 22 23 146 158 92 17 140 145 9 93 40 109 130 107 122 108 46 25 18 96 10 61 50 34 67 115 4 105 77 74 70 24 166 62 39 84 95 82
560 84 49 44 40 36 97 109 70 37 96 25 59 122 151 54 120 10 81 92 131 6 46 148 66 76 156 43 159 88 143 9 133 117 73 72 158 19 114 28 93 162 65 95 168 63 7 11 33 60 57 8 18 163 118 34 141 75 161 145 98 78 61 104 58 53 140 89 132 77 134 51 115 3 64 160 150 23 121 68 69 38 2 113 164 91
413 85 71 81 37 78 102 121 107 25 105 9 50 17 163 131 27 115 53 2 96 146 76 147 18 142 86 104 152 15 16 125 72 33 63 164 103 46 32 89 144 132 26 94 39 101 87 19 21 68 5 106 92 150 112 40 97 70 165 170 7 47 117 168 95 44 20 28 169 80 59 143 88 73 129 162 109 136 123 31 83 126 48 84 91 114 6
528 85 24 78 155 97 27 126 2 12 4 96 41 68 50 105 158 53 145 160 58 15 135 42 167 6 128 142 91 37 92 18 152 52 123 69 153 23 102 157 124 34 76 86 100 57 89 31 47 59 101 25 119 30 103 156 75 65 130 144 21 83 140 11 146 118 139 149 163 61 56 49 5 108 85 13 122 116 43 115 113 141 132 48 35 33 117
820 85 100 10 20 71 143 14 40 58 93 51 120 61 134 72 158 45 130 76 86 12 35 115 74 30 27 133 151 113 153 29 90 75 88 9 163 22 81 46 2 103 48 66 7 112 21 161 102 136 94 67 83 84 137 3 89 63 39 47 167 34 33 60 77 129 104 169 110 4 16 146 68 117 50 85 135 65 31 95 138 96 156 44 80 6 23
299 87 67 153 136 123 115 77 66 100 52 174 135 126 81 169 90 132 65 15 29 68 164 122 130 85 42 99 105 140 35 144 1 62 45 7 152 60 10 131 89 157 27 79 61 72 22 18 53 19 69 88 25 63 116 129 41 127 57 118 75 58 24 168 148 159 6 36 39 51 50 13 87 49 111 173 139 119 80 109 9 161 16 73 21 38 64 46 108
549 89 166 10 116 2 53 153 7 128 112 13 6 134 169 57 132 67 141 38 137 9 60 127 18 158 133 84 70 49 144 65 108 148 31 103 107 109 175 46 156 91 178 138 88 160 149 92 135 142 24 26 168 22 96 74 106 114 15 19 58 147 55 126 82 62 83 176 143 59 167 44 63 98 94 21 174 40 97 124 105 101 95 42 129 87 50 154 48 56 54
568 89 99 37 160 135 133 1 12 156 25 142 9 16 118 52 124 53 19 171 140 23 164 70 139 100 122 128 114 169 51 178 47 95 24 132 17 20 149 155 159 119 138 29 8 147 102 96 73 4 27 125 150 92 36 129 166 65 106 93 79 77 107 104 97 86 44 131 48 151 38 5 157 6 34 30 59 88 146 172 28 15 94 31 177 152 42 158 40 78 110
224 90 162 67 37 167 114 103 146 29 118 156 72 168 83 6 52 38 174 109 30 47 2 123 81 166 92 63 21 99 155 169 110 111 57 170 108 133 82 159 150 87 120 32 61 119 160 140 96 24 5 173 90 36 112 152 157 23 89 4 64 62 143 28 148 172 128 65 126 75 80 85 15 11 136 48 115 86 22 54 138 145 40 51 73 178 132 14 10 18 105 135
144 91 169 46 29 74 22 134 101 162 178 12 159 56 17 15 149 160 1 161 170 47 118 117 103 119 48 130 34 9 163 110 23 126 19 36 124 66 40 158 142 8 150 104 155 145 35 92 106 138 76 85 123 132 129 10 13 87 28 72 79 54 3 60 41 120 82 133 84 80 44 176 42 6 148 14 157 73 152 71 95 5 108 20 75 37 156 26 135 153 122 93 61
391 93 99 81 98 138 184 181 177 153 12 127 32 160 92 93 35 89 111 13 104 130 24 182 123 155 66 120 103 56 39 140 55 52 68 161 90 143 148 117 25 173 162 112 45 147 88 19 74 85 151 33 159 9 122 62 126 170 175 73 75 116 77 87 20 115 185 57 157 179 119 82 47 28 63 18 121 169 11 29 61 134 96 100 2 78 1 46 154 84 136 5 132 72 58
881 93 76 53 4 14 39 32 30 114 181 3 19 142 168 175 80 44 177 169 11 131 87 171 103 141 120 94 118 109 8 23 152 71 29 49 179 2 66 174 162 20 95 119 57 86 148 121 1 134 15 46 70 91 96 138 65 156 25 149 107 18 73 13 145 158 27 164 130 166 105 112 58 83 82 133 154 111 170 110 176 31 84 92 113 93 146 59 38 54 153 17 182 102 100
221 93 27 28 11 32 21 52 164 183 106 152 1 20 121 162 86 49 6 75 160 9 140 46 156 135 31 4 93 73 170 48 167 185 5 144 178 131 141 18 76 96 36 154 54 136 17 108 82 83 139 59 84 158 165 85 151 77 99 23 102 107 105 175 100 64 117 180 97 35 133 63 184 47 104 71 126 120 95 122 186 26 44 72 24 45 110 155 98 12 118 103 127 94 69
257 93 61 87 36 105 90 67 130 168 177 120 79 88 143 152 99 49 14 3 186 16 6 50 155 10 138 42 139 64 1 38 47 113 72 46 94 103 134 124 110 166 125 15 80 106 100 45 51 176 34 132 156 164 109 56 135 107 108 127 57 126 92 173 37 116 122 165 70 48 102 5 128 180 183 75 27 162 9 39 144 131 32 185 35 76 118 117 63 137 148 154 179 182 153
388 94 37 187 110 50 45 111 14 162 126 62 159 54 157 116 44 26 140 15 22 64 65 188 86 41 153 3 56 158 27 100 7 20 47 168 130 31 138 67 28 19 160 148 95 94 114 58 186 55 60 169 101 125 102 81 40 82 182 152 92 29 33 68 176 146 156 175 61 42 97 96 23 149 59 124 141 36 34 177 151 66 172 150 147 106 129 163 90 185 52 49 128 24 91 143
311 96 74 76 144 78 150 30 67 66 39 47 161 46 16 82 121 10 15 166 138 29 117 177 56 113 129 107 17 160 165 70 145 62 133 178 174 65 49 50 192 60 22 105 184 162 51 136 125 119 139 40 80 6 87 57 122 148 143 61 152 85 126 14 31 175 24 181 8 140 180 35 5 95 90 2 116 89 77 164 41 94 155 45 97 153 96 146 185 186 9 132 158 52 159 25 100 69
998 96 31 112 189 30 139 54 80 61 53 133 40 167 142 79 67 66 37 88 145 156 148 16 1 150 127 117 151 147 59 75 82 109 45 73 123 22 115 161 65 62 171 47 180 21 126 128 89 17 36 186 104 119 190 175 163 106 27 191 192 113 102 176 26 165 50 111 12 29 178 97 157 7 68 43 166 120 174 11 19 152 39 84 70 90 74 60 93 134 77 146 144 168 116 122 3 14
743 99 138 99 154 117 119 92 129 125 58 72 25 108 140 102 173 89 187 168 150 115 76 8 164 45 185 136 100 87 88 67 27 170 133 148 137 3 94 68 32 166 139 2 116 146 43 73 23 122 158 152 78 142 53 5 156 126 151 182 63 101 157 191 38 84 161 48 159 147 62 135 85 155 169 189 55 190 111 95 113 18 37 14 188 160 28 128 114 29 30 91 75 176 15 131 171 186 12 41 26
394 99 15 82 49 24 154 168 27 62 144 14 164 112 66 143 3 40 125 136 18 53 92 86 158 44 9 161 117 132 1 43 128 34 23 190 85 183 163 2 182 131 41 6 165 25 65 137 186 71 81 37 184 56 72 181 123 151 129 74 91 155 157 52 99 69 45 135 159 87 139 146 127 187 138 130 50 46 122 58 104 36 20 96 115 160 4 113 83 17 21 47 54 95 149 197 38 94 147 61 189
427 100 109 190 83 50 36 69 127 149 41 72 119 118 42 18 198 161 120 107 117 194 136 197 103 166 47 23 150 45 188 163 138 174 98 114 6 142 63 28 46 126 22 153 100 192 54 62 178 133 19 91 86 189 124 193 29 170 13 140 139 158 130 113 129 56 40 164 15 30 195 106 65 32 93 85 66 134 4 55 171 115 183 135 123 97 108 9 52 37 73 38 81 51 102 182 64 165 104 151 184 146
543 100 90 19 149 85 8 123 13 81 162 32 111 67 83 94 148 23 153 198 1 15 178 54 146 188 117 187 17 57 184 43 171 107 174 59 39 144 18 104 108 10 186 34 2 164 101 37 185 176 26 87 21 71 62 12 114 73 195 110 113 100 102 196 150 80 9 63 191 124 7 78 74 116 61 115 51 169 121 159 66 189 52 109 152 133 68 181 128 89 120 112 48 96 91 69 25 182 41 11 106 132
433 101 56 99 67 127 180 128 135 93 119 74 82 143 142 178 145 112 166 147 6 5 111 115 78 33 126 140 65 138 186 199 38 125 52 95 122 191 1 120 116 149 86 136 171 169 167 158 104 69 55 124 61 132 123 70 196 96 98 109 14 17 172 20 113 174 141 18 108 58 107 195 162 179 66 151 27 103 189 2 49 26 34 118 75 156 51 114 176 13 168 48 184 81 85 175 46 117 100 22 198 41 43
821 101 112 40 94 122 83 196 165 150 134 105 96 189 201 84 35 98 75 135 157 62 155 130 153 125 124 7 179 192 70 113 178 89 79 28 200 47 8 140 52 60 161 66 64 13 41 76 23 24 141 132 25 162 42 100 202 19 167 3 69 170 38 39 32 149 175 20 138 88 4 74 127 107 128 186 78 10 169 159 72 148 58 147 111 164 43 49 163 51 45 17 146 193 27 95 15 48 108 44 73 110 11
330 102 106 137 15 24 61 141 113 31 20 73 74 185 195 197 131 120 58 94 64 150 29 44 122 85 105 41 79 48 107 99 47 136 114 49 194 90 70 60 118 142 110 7 119 172 27 202 112 34 144 182 128 171 163 181 179 35 10 65 30 54 189 9 108 76 177 159 57 1 45 63 132 96 93 84 91 97 173 167 168 180 188 39 117 161 28 12 33 174 204 78 82 143 126 191 154 140 111 89 86 196 170 201
777 103 34 57 92 131 13 143 174 186 163 3 109 8 81 123 122 31 43 62 147 201 151 40 64 83 74 205 108 155 42 182 50 156 48 55 180 49 99 139 95 86 17 136 76 160 82 114 26 102 2 193 167 121 73 94 96 152 157 138 132 181 191 161 177 168 27 113 107 100 70 90 128 18 203 206 140 165 106 179 169 89 195 44 101 184 66 25 41 22 38 127 137 164 134 185 118 59 1 28 146 119 153 116 111