10 4 18 8 3 5 2 12 6 16 17 18
14 1 13 22 14 26 26 17 10 8 15 5 15 8 27 9
14 5 8 22 0 27 13 11 11 1 21 24 11 23 18 23
22 5 40 5 23 33 2 35 12 2 43 9 19 11 19 33 31 13 28 23 25 9 29 38
26 23 7 33 35 48 18 11 42 30 39 29 9 47 23 35 24 32 7 43 47 30 20 47 41 33 36 13
30 23 31 3 20 48 7 46 52 59 1 44 51 32 5 30 54 42 56 57 46 13 4 31 39 55 49 28 8 38 57 3
34 7 44 11 15 54 48 39 17 8 10 41 62 17 49 34 31 1 7 47 13 14 10 66 18 3 14 67 41 38 40 3 42 2 23 28
42 32 69 47 55 42 35 72 56 64 11 41 32 5 20 57 0 12 13 65 59 10 74 78 26 60 63 33 25 68 11 68 18 28 57 69 37 59 0 70 66 29 27 39
46 24 22 56 24 40 69 91 87 52 90 53 26 72 37 88 73 37 29 7 87 22 79 11 39 69 77 57 67 42 90 13 79 13 7 25 48 39 82 72 60 64 18 75 83 48 53 16
58 17 23 79 26 51 36 7 101 24 11 107 92 102 65 103 40 96 28 108 38 111 0 80 112 111 45 84 48 2 89 30 27 54 90 36 44 2 61 114 63 9 37 26 40 44 95 73 10 72 9 102 109 2 85 82 93 45 20 57
58 1 69 7 43 48 84 30 103 88 66 68 31 39 85 113 87 14 114 30 101 72 16 39 49 76 46 86 54 28 102 56 62 93 113 23 88 23 4 21 11 113 7 91 55 7 47 75 29 61 94 26 51 35 3 36 58 39 13 18
62 4 65 25 100 104 102 48 23 114 3 33 119 47 81 70 0 51 34 40 88 51 108 43 3 3 17 60 109 77 97 103 46 1 44 70 7 66 88 55 92 59 57 44 52 108 4 91 71 49 75 97 76 42 76 50 79 21 101 33 62 4 1 71
66 8 129 19 130 52 43 52 120 110 73 51 71 90 17 0 8 122 72 82 96 65 65 128 13 71 7 64 94 70 10 18 9 122 90 72 48 67 65 67 61 84 35 112 22 83 35 47 7 106 5 5 62 57 108 47 32 9 31 12 78 22 91 51 32 19 0 84
70 33 29 117 3 95 90 125 25 5 53 132 129 135 27 63 126 87 6 104 74 68 136 126 82 11 62 21 69 20 13 32 131 20 90 73 19 46 16 7 31 118 100 9 120 36 0 108 139 55 80 76 129 64 129 85 77 85 80 78 17 33 66 67 65 48 78 60 34 33 102 37
70 31 60 107 67 130 107 68 102 77 15 25 79 75 63 106 30 81 67 106 94 28 113 34 40 11 123 114 1 12 125 98 129 99 122 127 61 49 9 57 31 34 34 71 88 33 42 60 122 133 68 121 126 11 15 117 107 64 127 132 97 136 47 31 137 35 62 78 88 23 8 24
74 68 86 90 12 32 6 54 83 25 84 3 32 36 138 52 119 93 23 80 19 95 56 125 16 115 116 9 89 147 122 127 138 134 118 40 27 15 48 145 75 113 0 128 95 64 27 145 129 117 8 130 16 72 65 108 98 35 71 3 67 140 138 77 129 98 58 69 106 118 109 5 71 92 6 37
78 59 70 10 41 87 116 25 15 44 1 59 6 40 88 152 123 5 106 8 122 9 129 151 108 145 128 56 27 100 17 28 93 78 135 127 51 137 79 81 32 87 128 114 85 77 134 90 31 92 116 6 75 87 119 137 106 44 2 150 101 87 91 50 152 66 34 100 131 133 47 72 70 154 48 146 37 18 2 106
82 21 122 3 111 29 70 68 159 39 29 90 18 55 100 133 127 132 41 143 56 67 12 28 113 114 74 35 3 39 127 13 114 83 143 3 60 160 59 38 108 155 27 18 18 131 32 85 125 60 102 137 140 90 7 140 113 150 38 106 73 59 9 37 24 12 72 70 17 96 134 37 44 111 119 19 43 99 13 103 106 113 5 118
82 33 122 43 34 92 163 145 42 93 158 159 115 61 159 70 153 22 150 129 157 125 43 134 137 60 94 156 101 13 76 62 126 10 143 80 94 22 25 80 138 23 88 156 133 129 137 30 129 9 70 34 16 53 7 147 57 119 91 134 77 122 120 14 24 120 39 157 84 106 73 1 145 162 27 158 53 34 8 107 137 51 23 114
86 12 125 82 141 133 158 98 51 28 49 122 90 108 12 35 35 57 148 137 152 168 107 40 93 141 121 83 3 17 47 74 81 115 143 46 167 124 66 60 95 163 162 104 51 66 50 91 114 143 86 110 98 90 100 169 25 158 92 126 10 64 24 113 130 94 116 148 156 119 29 31 131 121 34 154 163 127 59 54 73 163 121 170 108 67 68 66
94 80 106 77 38 16 70 91 51 103 111 124 52 178 58 165 48 77 121 95 98 78 31 126 164 107 152 118 30 20 41 133 120 177 8 111 108 23 146 182 16 145 58 7 178 64 181 59 158 38 32 142 56 72 163 35 110 151 154 95 144 186 75 10 50 67 20 126 22 75 46 91 13 38 24 162 38 144 39 134 26 160 60 52 45 74 175 74 8 101 76 96 3 122 34 0
98 86 120 64 54 16 50 114 194 94 152 176 124 0 88 89 37 84 47 16 140 66 132 17 92 15 194 131 148 183 151 100 81 20 99 130 158 115 149 45 84 47 112 64 168 109 115 146 121 129 195 90 166 82 86 36 155 114 66 124 44 28 133 169 2 94 168 0 66 26 185 78 175 163 12 87 149 5 132 149 170 73 159 74 172 194 91 18 147 84 163 189 130 184 29 111 14 183 181 59
98 47 53 41 162 20 186 44 69 105 170 87 32 156 14 137 91 19 156 12 173 43 95 105 158 177 168 80 23 147 72 60 160 104 96 120 19 127 26 187 19 143 185 63 69 134 182 161 27 10 165 67 42 172 149 113 172 58 20 98 13 183 12 182 181 17 67 192 173 76 57 132 149 127 11 193 188 175 174 148 10 114 105 152 170 107 151 45 155 85 177 77 165 25 149 116 30 150 134 113
98 85 173 135 67 153 122 172 135 154 37 155 13 124 96 64 64 182 45 86 104 143 91 38 143 84 66 0 59 50 71 149 172 53 85 56 71 48 2 114 193 139 110 181 64 115 35 25 93 160 151 99 124 132 146 115 136 64 37 177 132 119 182 142 120 49 174 42 74 7 115 134 130 20 165 25 166 94 71 58 179 54 166 178 144 32 134 110 18 31 168 138 126 181 136 107 36 137 25 188
106 80 120 63 20 100 37 114 12 11 10 116 95 210 207 72 54 94 12 140 66 57 59 23 116 25 24 206 107 91 84 79 127 138 149 64 43 12 200 210 53 103 29 188 18 53 91 37 117 199 92 203 29 7 64 77 92 211 118 38 153 101 119 39 204 14 182 105 22 105 105 203 95 29 193 147 77 58 56 192 141 26 46 201 112 139 68 198 12 131 80 30 20 63 189 117 68 43 184 55 27 176 41 206 4 171 74 62
106 34 65 192 189 20 126 177 152 102 125 138 181 118 90 69 187 185 15 136 155 87 91 22 63 47 179 8 192 76 155 153 196 102 143 184 134 41 24 60 36 26 138 14 87 79 96 196 105 102 33 81 108 5 104 110 160 136 1 10 75 176 29 123 36 211 175 69 164 137 186 166 98 76 185 24 92 77 116 142 192 177 106 102 4 200 185 95 30 198 160 19 36 72 73 190 52 32 147 102 107 207 134 95 191 155 18 207
110 69 214 193 197 206 94 3 59 182 46 85 199 23 21 114 80 173 108 149 158 206 134 119 149 205 37 92 162 118 103 134 122 173 31 218 80 57 31 15 112 12 11 81 168 82 10 115 57 125 63 57 149 17 157 161 196 54 33 189 7 100 14 52 105 173 145 84 21 120 29 129 132 218 107 145 13 170 158 79 118 45 105 46 160 94 197 24 209 11 144 40 64 10 19 46 44 174 168 47 178 199 166 184 201 66 159 71 73 94 60 184
110 41 41 168 55 52 133 119 164 43 10 18 88 101 148 113 145 119 24 105 111 87 35 214 96 17 218 3 125 137 19 70 30 26 217 179 193 64 190 167 26 53 130 87 97 150 63 123 62 110 47 131 79 185 168 206 161 14 193 110 20 103 8 182 117 18 215 210 69 130 2 60 107 178 210 168 158 165 193 166 170 68 144 5 75 11 41 2 65 155 179 197 198 71 7 114 31 218 136 38 22 176 179 207 208 53 39 62 45 209 110 94
126 53 246 145 205 15 236 147 92 231 167 244 230 126 61 95 33 153 107 245 133 38 149 178 155 115 138 246 15 125 36 217 135 37 221 77 202 236 3 182 134 112 85 162 21 82 148 87 39 226 55 3 83 27 104 211 219 240 199 165 54 0 203 98 197 93 242 101 68 105 78 134 23 118 197 77 37 77 31 183 141 132 95 0 63 220 157 36 80 58 21 232 197 212 63 35 132 94 104 180 106 51 44 215 204 9 163 204 190 217 114 80 103 163 56 85 233 185 237 200 140 116 233 178 85 50 116 218
130 29 161 9 91 244 22 111 148 33 75 142 133 38 78 216 188 133 46 244 81 99 174 250 256 20 110 44 86 139 132 204 218 235 157 169 258 174 60 112 121 211 223 208 168 139 49 184 250 205 64 159 186 28 1 16 139 129 198 154 110 49 245 116 192 239 150 182 128 246 216 174 120 212 199 182 79 153 156 135 107 14 255 233 1 89 227 252 214 64 172 180 183 256 158 62 132 217 243 103 170 173 25 207 45 18 46 203 124 23 119 221 232 249 48 182 7 42 91 22 90 131 185 70 119 130 210 102 139 45 46 211
130 6 211 133 210 53 179 232 195 160 123 26 194 165 68 205 123 195 6 107 50 137 120 152 188 259 70 7 154 163 76 43 50 85 211 196 110 188 106 89 182 6 55 115 247 73 203 133 8 185 206 126 73 98 92 70 12 104 191 85 159 203 219 155 244 4 242 101 177 19 186 49 44 10 250 44 38 73 27 13 32 72 0 86 18 14 177 106 37 122 53 101 26 21 196 168 101 104 97 115 95 83 157 132 247 195 237 185 113 119 3 255 168 250 77 199 227 193 56 0 16 4 139 99 55 83 65 4 43 122 138 203
134 116 51 0 217 191 61 245 208 260 244 116 20 178 259 101 218 256 33 99 15 170 108 39 134 105 44 137 63 263 258 153 155 50 97 124 20 83 192 249 81 41 216 56 85 223 57 73 49 115 126 263 144 233 219 44 173 11 38 252 152 219 234 33 96 259 81 135 187 217 178 192 232 186 234 9 26 177 183 8 261 229 25 125 224 105 83 109 47 30 155 150 154 69 156 230 97 169 46 246 75 15 224 135 114 239 239 233 6 80 73 153 75 4 164 56 126 200 50 40 267 138 186 184 253 199 13 212 239 248 124 263 40 245 259 232
142 4 86 148 117 272 241 264 61 164 73 1 81 14 191 48 236 106 11 204 37 253 195 150 252 49 227 183 78 60 207 279 0 150 87 102 130 229 250 116 200 1 107 99 125 255 195 43 279 155 257 249 187 138 130 99 79 218 75 153 18 174 55 90 186 222 248 176 98 197 279 135 54 159 274 132 282 108 238 63 133 268 87 201 45 4 127 94 193 241 27 147 74 166 82 67 159 184 276 210 151 113 145 104 244 46 237 112 142 76 178 151 142 87 170 183 107 129 180 216 1 119 251 58 156 216 64 12 28 178 17 47 79 7 193 30 88 125 124 4 48 250 174 38
142 78 268 217 154 200 198 10 46 45 26 68 19 65 45 258 52 50 174 250 156 93 238 55 265 128 185 68 131 167 21 114 243 242 1 74 238 173 32 46 39 269 42 86 70 262 227 23 19 27 269 31 11 276 193 250 86 95 60 188 229 143 203 23 265 276 151 50 25 101 81 88 276 280 145 25 152 195 232 85 36 275 65 214 197 43 133 246 130 108 157 147 266 157 40 177 247 86 281 20 248 65 165 155 35 182 193 168 4 180 222 84 108 112 262 59 118 189 74 40 180 191 261 1 184 213 225 191 232 257 216 61 87 110 75 0 131 174 258 89 116 122 175 177
154 53 50 159 6 81 228 170 55 201 164 141 199 67 118 227 24 144 169 7 81 240 192 24 265 37 216 240 73 238 174 230 268 241 298 305 14 221 235 291 238 59 252 114 267 28 3 32 263 28 301 114 216 13 220 119 41 89 275 282 159 199 149 250 187 262 81 196 259 187 64 217 296 97 131 141 72 40 156 231 152 172 165 228 171 233 78 289 256 247 275 18 175 130 134 254 259 146 25 237 28 254 297 160 74 86 187 286 282 170 142 190 129 121 271 241 26 127 288 85 56 283 145 235 257 183 286 82 254 283 307 118 147 35 258 84 92 235 201 203 182 104 239 45 136 288 82 51 39 26 125 30 178 91 181 81
162 144 111 60 40 253 279 94 174 39 99 63 114 188 1 34 155 210 99 223 274 90 68 169 78 82 67 160 171 227 139 9 312 312 209 280 150 180 294 127 221 57 202 280 52 238 197 107 255 230 299 61 163 25 179 315 171 112 110 66 202 25 37 105 301 208 249 90 50 128 262 75 165 157 189 183 118 220 91 99 260 97 68 153 284 247 86 146 152 261 316 207 306 43 111 39 182 81 123 301 232 205 228 309 106 122 75 79 85 295 196 38 43 125 247 115 49 209 55 271 158 249 304 5 322 7 27 137 150 175 265 277 270 240 290 235 141 105 16 20 237 57 161 218 319 300 91 87 53 312 302 310 156 310 257 286 137 178 285 66 0 147 217 286
162 9 47 96 162 83 99 255 22 173 291 67 97 275 320 102 27 255 122 167 265 88 214 31 98 58 202 291 62 168 166 53 290 199 49 47 290 232 272 149 133 65 15 107 317 128 171 6 276 287 173 83 322 118 93 195 289 180 242 6 199 294 39 119 49 188 90 58 211 163 275 281 163 300 12 217 198 323 309 309 179 259 8 137 273 78 243 206 24 227 55 92 194 275 56 259 183 78 24 174 304 0 41 236 203 178 226 126 243 68 260 44 35 216 136 4 97 188 6 278 320 321 170 233 162 233 192 227 189 199 53 243 130 288 37 4 98 237 66 57 30 136 187 120 97 78 28 220 129 56 165 49 310 161 163 212 320 226 262 198 193 82 303 257
162 4 150 281 87 185 196 41 247 65 138 256 249 79 181 301 285 240 252 121 180 91 171 45 272 308 103 77 31 263 111 108 199 220 295 170 287 47 1 7 95 233 188 312 95 107 161 61 301 238 152 125 218 147 277 240 159 29 310 98 94 8 92 201 185 92 244 94 321 300 278 301 296 161 278 134 14 38 3 118 12 186 280 61 249 156 155 256 149 120 134 215 146 99 149 263 304 302 141 125 263 309 157 83 101 139 227 320 142 296 48 34 217 200 268 253 28 36 1 165 282 321 131 190 305 178 256 224 224 268 283 53 98 182 21 217 191 167 140 225 181 230 33 250 299 27 123 210 262 256 260 213 133 171 321 241 46 220 167 275 309 147 33 288
166 7 301 312 282 206 244 291 295 330 138 109 261 90 21 115 29 130 132 306 68 136 67 314 9 140 206 174 57 106 232 247 274 281 71 195 284 125 212 285 284 75 277 15 102 136 28 112 181 302 176 318 226 196 199 314 49 248 215 16 285 173 192 263 27 206 112 164 203 224 280 280 30 152 71 105 322 152 263 223 6 287 249 176 309 82 286 172 23 178 226 146 31 87 137 211 102 117 75 239 83 194 50 29 320 317 11 157 17 203 322 114 273 303 221 277 18 303 303 221 191 166 152 122 52 161 248 4 270 209 197 236 25 52 29 262 295 321 129 279 2 207 104 187 158 33 191 59 144 263 287 139 128 105 194 118 123 10 103 175 123 275 111 42 264 168 81 269
170 45 339 282 124 302 174 178 322 72 39 96 292 314 257 51 132 166 115 275 47 217 273 175 33 34 193 279 102 281 3 268 322 217 187 113 23 215 181 254 255 122 291 321 185 85 88 153 150 310 147 332 4 129 230 210 109 19 181 167 226 258 262 176 114 16 154 109 199 102 307 146 169 40 293 242 332 100 52 102 266 173 291 27 252 103 249 181 82 246 204 276 16 329 213 132 137 141 198 40 176 112 127 27 66 63 93 136 132 192 94 30 116 238 109 80 84 58 164 141 243 337 294 6 324 192 11 118 156 43 91 9 108 25 73 321 101 62 48 244 226 91 222 316 52 252 250 331 286 155 100 268 205 296 44 29 14 146 136 189 232 311 8 246 85 57 236 201 38 127 139 298
178 124 279 215 121 288 162 200 11 325 218 202 37 248 17 128 188 267 116 349 195 153 188 272 2 201 157 62 29 265 223 147 10 22 218 59 163 209 202 155 315 53 180 255 129 48 123 247 224 9 354 223 84 93 247 204 108 161 95 96 222 200 267 182 25 259 186 157 321 331 271 271 46 291 5 329 329 252 58 279 140 216 136 253 224 314 77 13 107 351 282 77 169 331 120 70 232 96 141 169 214 159 342 331 245 344 169 85 212 91 250 344 215 134 14 323 134 64 209 273 304 7 68 234 330 124 158 119 160 265 90 124 204 74 91 305 67 249 77 143 79 106 250 187 220 104 148 261 272 68 274 88 39 316 0 179 271 69 224 151 339 305 167 347 182 250 107 94 203 327 41 76 178 132 191 333 203 37 243 329
182 68 238 260 40 340 257 152 324 305 91 119 289 356 212 166 0 269 317 82 103 261 295 306 191 349 72 190 162 244 92 343 35 142 29 10 318 35 128 313 184 200 172 278 259 21 27 307 299 102 154 298 97 114 172 315 358 265 112 175 125 82 152 312 13 342 349 17 305 335 103 202 316 5 150 273 301 186 299 9 38 16 254 60 192 309 37 145 54 147 45 259 226 2 312 306 123 47 250 220 304 56 255 125 36 340 360 354 76 77 81 359 51 322 92 116 317 234 319 146 340 3 292 246 97 293 265 303 251 165 283 38 213 98 76 92 65 338 217 333 181 64 282 152 224 149 239 54 255 241 42 69 208 351 161 200 295 209 318 42 9 177 100 177 134 9 27 347 297 11 243 238 273 342 45 302 147 108 211 101 106 207 277 314
182 151 125 227 171 52 254 323 113 21 56 66 301 122 101 335 205 250 127 255 260 195 276 108 310 153 5 13 342 219 183 282 311 323 63 29 91 164 350 163 215 41 81 158 335 276 350 344 331 120 186 186 323 160 115 269 281 132 336 34 127 339 244 315 182 221 70 108 331 352 74 234 124 240 112 66 20 298 299 259 354 216 94 233 57 214 79 245 337 354 211 22 170 17 242 255 148 97 196 11 197 210 128 296 9 213 2 164 9 313 211 172 146 85 46 190 222 152 17 102 327 20 340 248 110 151 35 13 293 113 222 292 29 37 231 305 110 247 164 207 197 276 224 154 139 133 219 278 296 351 109 63 303 363 312 314 88 24 312 21 67 223 50 48 43 103 159 262 344 80 329 188 12 196 141 299 258 12 52 239 8 319 214 96
182 177 143 285 308 95 134 45 28 139 279 279 294 245 107 118 181 127 172 346 275 233 299 333 112 245 231 329 103 17 363 49 286 357 52 69 300 28 19 31 11 89 49 67 287 174 212 339 45 46 319 191 40 254 253 183 217 242 206 215 266 143 12 129 74 195 276 234 44 263 202 317 79 107 86 54 10 214 194 190 236 334 67 76 247 40 256 133 292 238 215 274 146 346 348 208 49 77 336 13 225 68 313 107 361 205 293 258 194 109 325 236 249 58 146 40 103 94 357 16 266 51 333 259 362 161 116 44 11 28 20 41 278 247 7 322 329 129 158 126 299 116 146 6 3 5 44 234 125 300 137 281 285 0 51 94 338 305 72 42 93 283 282 239 176 149 97 121 285 330 260 144 57 197 260 334 59 281 304 116 268 353 49 281
190 52 252 221 83 297 360 354 93 326 19 128 3 227 65 21 291 366 20 8 30 310 379 193 28 301 169 266 356 66 152 293 40 229 319 170 111 16 18 86 313 109 306 48 46 344 53 352 370 288 213 87 249 52 135 60 299 132 306 263 126 196 238 322 249 164 335 95 194 362 248 321 293 180 226 163 106 180 73 155 70 61 313 327 365 107 215 51 14 228 190 158 124 152 59 34 334 94 173 227 18 250 313 246 76 245 60 330 56 104 65 330 306 151 301 353 310 366 56 345 81 174 243 0 97 308 140 235 187 154 18 131 34 197 283 60 40 205 66 183 256 214 230 70 351 85 256 151 282 105 83 147 146 246 103 366 214 84 192 156 77 250 290 20 234 136 192 152 157 99 277 87 282 268 174 236 281 70 365 268 138 341 321 280 73 67 194 344 54 57 48 162
198 84 217 154 162 33 313 306 374 354 384 288 3 81 277 40 125 321 180 159 326 369 260 114 360 251 167 23 175 145 175 269 36 224 9 256 190 376 257 12 44 30 259 197 249 249 378 319 374 213 313 158 391 84 128 377 70 3 301 190 137 324 227 299 271 285 86 336 134 255 121 29 220 86 234 118 246 206 306 221 389 239 67 172 201 60 116 65 350 4 375 283 292 48 47 340 46 319 250 141 233 222 349 127 149 259 15 55 301 269 77 244 147 153 34 204 204 65 79 252 337 48 248 341 155 166 48 211 182 48 346 364 250 283 12 337 198 281 83 136 391 392 182 289 348 377 245 387 37 178 184 251 262 136 242 186 12 273 52 255 201 6 358 350 34 60 96 208 242 196 341 92 302 104 19 24 101 88 303 151 299 69 0 364 131 321 174 376 265 287 344 373 46 110 231 59 201 369 208 330
198 195 392 225 86 42 370 308 346 185 329 26 17 36 78 180 23 277 208 158 94 268 38 13 189 246 320 289 116 109 59 186 363 335 353 228 91 49 309 388 230 120 100 78 294 152 94 110 392 31 123 141 13 313 325 315 249 337 261 255 65 14 156 388 341 395 133 358 307 87 44 259 352 336 94 281 357 65 205 47 64 102 22 394 336 3 165 127 195 81 169 229 275 82 295 125 10 94 321 300 371 377 285 220 345 22 196 86 65 252 53 156 271 233 72 228 89 35 334 129 231 271 32 307 159 256 352 173 167 124 102 217 253 369 135 179 29 10 170 382 6 130 53 84 166 23 96 11 329 377 23 326 262 138 176 140 290 165 211 54 41 264 88 363 357 237 303 7 161 243 190 143 39 250 240 365 344 351 387 177 387 19 281 257 282 130 62 315 216 137 61 387 285 291 217 62 244 338 195 334
202 71 148 305 109 218 335 290 235 91 77 268 209 332 319 303 339 53 200 4 382 168 362 71 15 265 142 392 163 65 149 20 365 21 129 40 75 383 297 381 393 53 75 227 161 216 133 230 376 98 305 212 260 83 162 113 6 270 26 240 155 157 262 21 134 260 279 366 268 394 255 289 315 87 304 91 265 317 88 84 153 240 184 23 296 249 321 215 148 136 357 95 139 127 63 158 233 305 210 272 73 27 260 83 87 239 388 259 401 9 156 257 1 258 386 55 74 343 56 358 143 360 123 292 7 32 170 278 189 249 249 62 342 174 365 386 296 270 169 255 196 246 325 131 248 294 207 40 112 322 5 250 373 130 71 50 69 304 371 309 266 135 218 129 73 172 213 254 301 349 264 82 195 132 103 289 235 343 27 82 350 274 243 254 175 242 379 267 60 126 113 103 99 348 71 35 34 342 155 306 381 63 324 229
202 192 80 174 6 254 71 27 166 39 3 264 15 116 94 292 31 58 353 225 98 339 149 287 208 76 147 42 277 196 359 261 78 41 130 220 136 396 388 376 91 200 224 108 19 196 91 328 401 403 329 331 93 76 356 185 57 310 330 319 158 51 238 123 319 156 194 1 311 306 131 39 71 27 139 259 237 85 243 239 12 8 260 322 0 74 42 202 280 231 398 253 175 151 226 44 200 174 20 354 4 73 342 390 287 393 207 311 125 206 166 42 241 240 314 101 371 111 123 8 35 154 370 62 153 15 131 390 379 88 13 34 123 158 26 228 137 69 222 250 29 132 282 166 175 188 178 154 214 372 170 308 220 272 34 389 336 186 76 77 259 97 333 384 22 222 371 267 263 155 150 222 274 161 57 122 167 393 233 249 78 360 383 325 308 31 381 215 56 360 64 344 308 126 120 294 59 368 164 212 378 119 304 184
206 179 14 29 50 19 73 155 123 178 357 301 329 341 279 340 385 34 222 171 313 20 38 76 304 239 12 319 273 105 351 100 116 46 283 166 115 368 211 235 271 402 178 188 18 81 294 153 162 270 15 376 172 43 401 364 254 48 247 33 403 267 215 191 164 401 379 239 299 285 88 72 130 117 269 277 36 263 349 162 111 44 231 313 379 355 312 248 124 380 267 5 256 389 42 32 311 48 391 105 335 52 325 271 351 282 88 168 72 219 226 5 349 368 231 41 232 251 336 196 304 235 102 88 121 301 182 322 150 241 90 83 223 177 287 102 381 123 82 47 269 245 90 115 26 61 229 236 27 301 50 254 373 289 305 275 14 279 237 303 247 274 254 126 181 146 270 31 202 362 90 343 141 18 272 157 383 50 281 279 334 346 367 73 174 396 206 116 45 286 380 151 64 110 293 274 328 370 10 65 247 370 252 47 340 59 106 208
206 178 280 293 234 83 26 138 192 238 174 328 365 47 23 226 295 99 54 192 273 228 179 267 47 153 14 344 287 255 55 137 23 67 401 355 183 243 363 14 403 322 258 98 226 32 312 139 162 88 42 274 326 168 164 129 327 111 219 118 157 72 254 116 83 251 350 114 75 233 320 279 17 299 68 180 80 231 102 201 404 410 385 280 190 10 164 49 145 177 91 32 269 202 223 175 239 48 374 155 327 236 394 359 71 110 344 385 21 227 384 285 185 239 178 371 320 254 44 87 258 278 233 101 51 395 58 346 405 176 326 367 380 9 271 75 188 73 126 146 86 4 378 43 392 226 374 60 333 45 149 348 147 392 165 259 279 308 280 297 185 224 384 22 319 207 363 60 406 81 73 312 32 224 255 388 304 186 22 129 337 175 188 135 199 149 110 6 76 322 381 330 348 378 241 354 93 21 234 134 58 369 153 409 349 210 252 52
214 57 191 270 296 397 343 86 259 396 97 372 275 328 145 350 295 41 331 121 118 329 296 281 304 136 282 385 372 18 65 312 163 232 233 426 61 206 37 180 68 405 128 121 113 8 351 348 266 364 22 424 25 206 373 223 213 413 229 237 71 71 140 371 213 268 107 354 48 165 111 220 292 107 147 163 426 209 13 15 232 246 316 372 44 64 204 314 159 145 426 261 232 282 290 63 385 395 31 179 232 342 105 346 194 33 366 346 106 256 341 24 74 340 160 378 274 141 211 421 191 392 200 153 401 53 188 407 75 3 193 9 44 178 15 289 423 401 174 99 64 64 207 276 8 138 280 295 257 290 283 16 23 256 113 416 398 277 140 393 200 417 155 402 115 220 29 316 0 278 392 146 312 89 62 396 415 380 230 131 387 14 331 421 109 269 3 361 409 248 391 417 131 182 102 290 177 97 56 333 233 102 28 92 325 411 298 231 398 369 175 349 194 302 151 131
214 129 128 363 105 49 33 397 173 392 285 212 174 118 98 234 314 294 126 31 244 6 90 232 389 267 40 111 98 336 240 48 303 91 262 426 66 195 287 384 306 13 412 101 22 394 400 378 155 367 181 98 114 379 190 12 385 174 426 310 272 22 81 149 395 103 224 12 315 426 9 169 324 95 106 48 67 308 137 61 47 407 425 344 101 69 256 393 77 195 117 336 286 392 411 279 3 2 257 281 400 88 30 100 213 166 375 310 237 231 13 199 359 309 344 148 49 54 209 243 207 199 39 172 378 159 173 214 262 75 200 173 255 45 222 274 367 368 417 241 392 133 189 270 255 97 307 276 100 21 100 31 394 130 23 289 386 151 224 216 112 294 231 145 131 315 127 305 211 356 104 361 340 230 324 415 343 16 130 218 139 189 425 302 55 225 420 398 22 159 398 315 174 92 335 6 96 23 154 106 425 150 93 4 236 352 92 261 264 261 248 173 330 152 331 243
222 30 406 399 2 73 155 13 7 289 362 220 309 94 188 27 124 288 143 60 121 98 389 303 130 395 430 160 228 233 106 290 111 127 249 356 440 15 259 345 133 314 347 156 178 192 172 150 90 310 390 431 417 208 199 268 370 434 123 128 373 117 241 281 422 68 48 49 146 66 121 437 241 259 246 110 205 194 409 194 112 25 121 414 277 434 165 194 271 61 169 376 109 40 170 26 210 419 63 34 408 378 209 216 272 350 147 109 209 69 173 389 301 194 74 270 417 135 299 338 164 77 404 351 381 106 181 402 348 83 327 337 338 235 54 382 68 382 417 436 292 47 15 389 90 273 133 178 332 267 164 403 227 335 312 112 425 104 407 394 37 386 53 114 79 130 390 336 309 31 304 155 108 59 249 295 17 423 183 189 311 361 160 324 267 323 67 304 263 223 24 274 324 41 89 244 127 264 261 365 50 112 356 369 174 284 353 359 129 174 94 48 102 326 319 90 90 318 276 10 422 52 292 69
222 200 52 258 420 28 284 300 41 347 31 368 278 246 315 353 136 196 28 38 252 354 190 419 323 47 120 415 68 48 207 352 276 419 180 170 411 425 254 378 409 312 321 284 360 199 368 83 176 226 34 277 242 82 309 100 104 36 259 297 135 163 88 46 53 230 224 431 60 97 283 329 251 54 166 206 219 375 335 16 95 195 26 279 332 154 363 99 306 228 8 159 289 173 162 297 184 441 425 59 105 376 376 395 53 35 101 79 166 297 21 188 337 328 329 65 267 308 47 303 292 196 86 364 221 395 78 301 111 129 417 384 49 89 142 160 357 234 37 214 372 315 139 269 430 422 69 404 59 146 38 327 130 281 374 296 289 311 197 184 353 403 353 89 238 347 74 273 307 242 36 134 92 316 29 85 20 121 383 374 207 217 115 205 267 166 183 392 53 160 173 110 393 402 142 61 411 301 177 205 85 440 66 223 364 22 346 299 386 130 152 98 26 59 324 188 122 155 328 167 138 62 180 167
226 100 150 77 390 220 422 373 167 272 446 70 344 0 43 251 176 447 60 129 108 408 95 441 110 438 430 384 345 112 18 348 110 424 392 202 229 361 396 364 27 269 50 202 102 320 133 450 236 112 54 338 255 27 419 79 134 407 56 146 201 169 186 170 123 55 129 34 56 223 356 73 404 382 135 262 64 347 14 440 326 134 101 351 88 27 386 265 348 237 298 97 305 324 62 236 337 21 178 118 296 117 161 401 277 439 398 379 318 252 105 288 2 410 23 307 26 193 9 358 420 328 191 56 185 29 77 193 183 435 86 76 38 173 269 326 335 347 376 87 317 135 343 120 86 277 330 33 218 132 436 35 51 210 180 402 363 292 284 176 39 428 87 173 451 72 207 157 198 32 435 310 355 277 438 32 190 28 61 47 22 370 367 443 186 102 47 380 86 276 67 193 296 8 216 313 136 249 270 159 323 246 225 168 309 371 211 431 2 246 411 386 267 334 147 42 413 274 258 180 216 68 375 104 382 175 177 91
226 45 374 88 448 36 434 69 131 410 73 418 185 107 37 198 311 213 117 95 282 241 413 77 264 220 239 181 320 438 127 317 235 322 189 281 437 239 36 62 219 70 439 228 247 224 385 9 67 215 349 214 66 287 369 77 426 129 21 106 249 370 300 257 294 120 415 88 119 25 404 236 339 158 288 157 92 211 25 32 360 129 440 354 98 284 112 90 175 192 223 226 11 58 86 79 205 173 428 208 17 376 148 354 298 340 315 50 430 310 42 417 98 106 115 432 338 59 193 69 273 112 73 282 259 216 269 78 270 0 183 140 154 217 26 95 248 325 15 214 155 279 252 313 69 98 192 90 223 271 247 332 82 192 29 352 448 345 345 403 333 204 291 418 253 397 78 236 240 303 205 213 255 17 182 396 75 195 24 363 149 79 305 236 85 98 191 23 218 59 117 390 71 359 9 372 394 405 385 400 15 324 211 344 88 340 242 403 130 297 201 170 118 268 360 239 112 82 226 79 144 378 55 256 6 399 102 123
230 122 296 402 446 152 164 228 163 237 251 259 223 260 131 233 448 396 49 261 273 315 149 200 35 14 288 17 269 103 104 410 199 120 17 38 415 9 11 308 207 315 188 16 133 435 321 181 119 456 67 434 246 331 422 68 192 355 41 379 8 122 385 371 169 197 278 403 53 126 443 138 272 379 356 433 178 329 295 144 321 307 126 147 428 455 157 28 109 411 135 241 187 350 258 193 367 72 64 199 296 123 111 123 382 185 32 28 146 133 232 40 327 214 449 152 369 216 1 5 8 267 411 228 171 94 66 70 264 32 328 178 354 150 210 389 310 403 211 33 193 244 75 345 92 255 170 444 141 416 342 291 260 48 165 157 182 187 411 393 57 383 239 199 214 422 417 7 419 380 327 250 231 297 379 294 312 432 127 421 100 45 202 285 443 232 208 219 207 6 365 88 190 328 360 297 158 334 83 142 156 288 16 16 148 6 382 425 433 367 314 336 139 222 69 411 4 281 61 266 28 419 38 174 288 287 362 454 103 140 24 377
238 155 281 211 278 126 405 6 441 36 434 287 163 397 23 432 414 381 135 18 352 283 149 138 391 465 95 1 94 445 142 258 138 354 417 34 89 392 181 430 8 458 431 207 442 217 45 1 12 28 130 405 430 468 221 308 262 349 115 224 374 193 64 234 214 125 120 379 184 31 409 372 343 197 285 65 16 198 70 387 29 273 194 48 144 144 30 30 192 154 335 287 257 142 432 385 31 310 318 41 185 422 124 457 275 40 47 472 259 53 317 290 93 48 271 95 100 215 454 460 266 197 198 221 305 238 114 353 266 339 319 57 289 319 127 112 18 467 369 292 387 465 372 33 317 28 317 427 456 14 456 110 358 228 116 107 74 445 174 63 475 69 197 63 391 262 424 35 33 314 119 346 116 36 140 318 398 173 423 159 79 121 372 2 242 180 19 363 141 164 97 419 389 177 468 407 302 371 154 329 314 29 243 414 420 308 120 11 344 196 466 187 409 26 202 5 12 281 468 358 265 286 218 318 343 200 340 6 248 165 440 367 434 319 373 1 175 373 68 199
238 49 257 458 360 49 227 1 323 111 257 83 126 341 435 14 173 460 134 474 142 347 261 178 209 256 179 334 57 389 456 416 256 23 259 93 113 102 154 256 62 94 32 277 265 327 469 215 331 224 419 449 24 108 261 234 463 290 424 432 9 135 400 49 36 257 433 142 395 3 441 12 58 54 324 269 337 292 346 349 179 336 411 114 272 328 375 30 40 323 228 187 298 425 6 371 238 383 312 188 268 389 273 2 251 135 169 191 88 31 194 424 441 320 354 250 400 204 186 54 415 312 259 438 198 410 8 107 464 417 161 307 126 222 308 390 321 122 327 36 206 54 225 78 231 51 191 90 222 109 409 226 380 324 146 180 288 7 339 309 93 38 146 236 37 307 466 270 400 174 436 388 201 48 461 210 443 25 302 328 475 397 91 376 461 142 401 305 147 456 229 67 77 371 233 30 281 409 317 166 176 296 294 377 237 297 304 77 459 440 325 211 427 395 452 107 395 259 204 280 99 134 417 365 80 331 128 258 154 119 87 185 256 39 144 285 256 426 79 281
242 49 129 372 434 232 273 174 398 241 195 34 341 246 418 408 463 197 186 186 361 131 133 12 355 436 25 25 275 445 347 289 248 66 370 198 191 275 473 25 70 188 122 439 306 324 245 445 158 276 216 479 332 197 52 233 186 186 291 123 365 333 25 428 362 140 146 175 459 466 416 67 29 338 450 126 342 220 450 464 122 243 326 210 239 45 219 434 369 357 436 197 204 192 444 123 321 471 481 236 194 166 279 391 267 332 167 12 232 151 289 422 328 184 4 94 440 255 61 455 462 387 106 253 57 126 186 12 474 86 366 423 400 407 431 380 332 38 26 407 40 196 115 52 80 29 68 240 364 154 26 482 195 413 284 307 315 44 362 343 199 453 396 125 370 248 57 287 60 420 229 170 264 45 441 15 358 321 424 453 259 179 5 438 182 438 379 320 298 96 367 114 349 435 98 176 156 362 259 102 295 196 29 11 459 41 49 300 332 480 115 400 1 329 71 4 284 284 111 481 89 390 98 307 121 141 314 30 68 178 156 166 107 138 360 40 421 62 29 352 266 382 343 421
242 232 364 406 450 464 242 188 380 139 472 353 376 130 145 33 320 291 283 20 203 131 4 32 369 121 383 181 353 393 271 254 92 243 34 450 248 188 122 177 299 120 399 273 150 162 42 379 481 293 149 249 351 311 313 482 81 102 481 197 227 322 187 308 325 240 127 217 200 115 233 436 423 148 155 426 426 330 222 156 172 182 94 145 227 109 87 397 73 189 402 4 151 434 411 410 191 5 59 456 133 314 19 442 12 258 246 412 190 42 263 272 74 43 249 21 173 23 292 124 423 408 232 193 334 68 54 330 338 372 357 461 0 149 396 373 286 410 460 258 167 397 463 283 23 79 312 132 339 125 154 217 392 314 67 301 144 138 3 180 124 183 128 33 197 111 332 125 35 304 26 353 302 478 28 200 85 199 95 235 212 150 386 191 380 99 245 87 51 189 3 159 483 188 66 129 382 58 148 341 98 14 117 131 69 310 358 26 226 362 167 91 445 195 78 299 105 191 355 353 70 85 466 316 8 389 12 216 473 223 97 270 144 176 65 134 6 205 259 123 225 476 356 254
246 220 42 191 443 483 470 94 144 164 168 78 199 393 163 240 381 418 281 400 299 110 14 467 47 450 0 323 218 227 459 470 461 16 196 311 19 112 292 77 426 251 410 19 272 87 393 420 442 236 161 355 144 81 293 225 95 256 128 231 447 6 146 155 318 405 77 281 128 37 287 210 332 391 339 109 112 104 292 389 287 250 460 8 188 388 125 444 455 278 378 50 120 131 100 305 411 119 217 411 184 123 102 69 39 63 444 393 18 338 386 216 400 211 266 44 211 191 461 170 153 264 376 61 460 440 109 17 455 195 59 408 252 426 89 371 165 142 263 45 352 137 41 118 294 464 321 350 446 257 145 223 461 42 399 483 215 91 49 31 15 183 487 331 298 305 92 421 410 444 93 335 385 256 31 335 291 451 32 138 34 188 125 306 42 418 213 88 282 237 87 378 394 471 222 365 14 124 137 357 81 278 363 315 385 31 247 72 319 162 345 354 355 82 331 61 342 70 490 120 192 257 387 466 300 352 142 64 131 6 99 345 417 304 405 10 279 156 126 215 466 471 295 306 262 439 437 219
250 134 187 456 382 168 479 336 103 100 428 346 167 209 268 5 367 94 302 416 304 445 237 336 225 167 269 138 400 279 472 351 399 80 23 35 319 196 55 242 58 95 347 75 481 95 240 419 223 473 419 319 281 454 168 498 195 129 90 6 155 37 375 477 282 77 315 279 337 442 41 213 479 74 352 271 481 467 433 435 404 238 255 446 186 408 152 85 42 62 10 113 274 216 422 421 9 271 465 6 446 237 340 408 76 399 128 342 48 478 361 189 114 186 435 403 372 13 216 283 192 130 491 110 186 228 446 312 321 214 246 76 17 52 23 215 32 429 348 471 353 257 72 470 480 495 127 496 93 86 415 246 301 402 454 498 29 419 144 303 133 243 307 455 361 433 415 408 384 205 49 74 101 379 330 403 416 179 433 293 110 109 183 71 286 211 26 75 208 240 177 437 265 359 372 68 208 213 244 105 461 198 331 249 110 37 75 339 151 408 78 239 216 202 88 112 193 478 191 253 84 111 167 387 59 207 311 325 0 175 57 178 186 338 485 216 361 243 298 139 175 330 257 193 68 428 198 406 168 220 134 251
258 105 291 415 118 219 421 170 32 409 437 311 95 403 111 305 425 506 230 22 401 68 418 153 503 167 390 439 63 111 346 326 221 178 281 200 315 217 227 198 229 113 93 456 331 120 320 363 121 186 111 234 291 227 311 165 210 369 41 500 382 131 430 510 386 470 106 243 499 385 172 221 207 158 193 41 473 445 470 73 162 291 422 291 190 156 305 119 126 454 421 140 353 160 355 242 418 209 95 331 415 451 140 228 445 161 62 292 175 68 298 491 210 176 194 97 243 325 105 288 483 454 60 195 471 237 344 67 234 458 116 415 452 400 228 69 495 75 483 248 150 464 358 257 286 238 150 76 378 62 476 96 371 7 358 231 494 48 131 509 266 158 59 504 144 318 161 351 167 494 409 428 24 265 191 141 373 491 498 236 238 297 513 237 191 104 515 492 445 58 405 411 214 258 287 246 176 145 188 146 16 227 449 398 302 509 484 188 332 72 443 46 327 449 204 379 163 149 149 493 307 180 53 387 32 329 474 46 165 115 97 51 43 155 451 52 488 487 133 392 159 335 196 484 139 470 281 494 174 276 291 300 464 306 499 63 240 343 514 242
258 194 45 444 212 367 34 440 290 295 353 55 168 416 126 451 100 494 438 28 491 54 31 35 12 354 413 334 305 205 41 427 72 288 401 187 378 69 79 444 22 284 141 338 321 245 319 294 176 284 349 167 480 241 247 508 430 87 184 137 373 2 428 64 371 21 337 459 56 482 329 192 415 380 62 117 99 479 463 269 164 18 498 349 74 336 292 208 83 357 460 45 81 314 361 246 225 276 62 465 307 345 267 44 267 19 438 375 9 315 250 507 231 424 28 161 100 357 39 481 256 401 367 20 243 246 155 273 493 91 127 341 397 174 24 189 14 119 314 307 511 503 302 298 26 437 437 175 43 192 147 252 387 224 11 35 277 188 391 232 374 365 137 418 272 387 259 260 181 56 363 376 339 90 434 141 410 474 178 241 141 49 139 285 70 241 57 358 485 345 513 446 91 264 482 413 41 465 385 107 336 488 402 164 176 339 313 279 506 244 235 295 343 340 302 443 111 139 108 359 504 360 376 53 40 464 480 433 199 383 23 310 312 77 174 200 254 3 234 514 148 371 156 236 328 366 61 21 194 159 25 47 225 441 126 104 411 482 26 369
262 164 352 344 190 16 298 497 243 305 170 158 446 51 2 112 352 7 417 132 472 502 472 176 236 263 460 136 31 125 21 209 283 380 326 271 349 466 97 252 269 259 363 436 289 496 27 520 442 275 110 130 131 148 160 358 116 132 106 48 104 313 215 450 148 116 118 430 213 201 180 520 162 308 305 305 48 361 109 5 485 409 285 284 53 467 146 440 389 133 258 304 29 248 1 346 54 314 11 48 105 376 25 77 213 24 76 411 378 439 192 426 183 304 497 157 76 167 347 131 444 260 215 18 499 315 333 272 401 245 151 328 498 419 127 12 444 92 441 448 266 198 51 258 69 183 387 20 107 453 197 306 161 406 424 386 509 494 79 399 162 148 228 294 28 22 381 301 239 239 419 217 397 96 151 505 449 65 428 22 405 476 376 176 69 433 77 264 387 270 389 50 477 211 21 365 17 325 296 341 246 402 123 132 28 258 66 307 221 372 348 452 21 37 70 290 141 310 285 284 308 523 132 49 268 187 219 322 502 266 370 342 427 209 231 12 389 130 116 69 194 180 336 315 231 433 504 347 345 110 205 30 503 12 45 341 294 84 272 145 266 61 98 79
270 142 265 301 65 447 422 198 123 404 402 30 128 272 12 100 127 374 473 147 376 278 173 480 84 349 176 240 373 132 445 33 73 306 179 192 129 341 520 409 57 452 383 311 112 176 319 18 12 337 85 440 263 249 64 427 274 240 181 150 182 36 292 174 403 537 60 533 68 425 112 354 241 440 25 53 260 425 339 502 34 87 531 413 397 352 192 136 363 29 503 234 508 59 428 82 56 224 200 465 337 307 489 403 83 223 425 175 495 54 132 538 25 89 107 408 319 36 176 85 334 493 369 32 312 31 477 495 452 393 303 489 231 107 320 311 501 187 124 343 519 169 382 354 191 498 457 368 195 189 389 279 150 100 517 338 374 86 533 474 122 218 57 486 42 514 38 385 18 273 228 461 433 323 398 373 152 421 224 69 242 142 394 510 445 240 310 384 207 94 165 535 19 298 166 34 355 488 168 521 57 336 429 451 327 101 313 394 348 390 167 246 499 398 398 277 156 484 416 480 500 449 438 32 246 407 297 333 392 352 66 164 484 178 248 298 194 515 99 409 211 242 391 387 98 53 275 192 362 270 334 142 35 260 251 108 436 138 460 266 108 77 191 332 455 315 463 30 453 46 77 123
282 273 349 114 22 194 70 242 407 282 330 444 370 462 210 223 362 398 553 261 261 411 330 38 496 387 142 375 45 244 189 246 63 342 356 277 297 469 229 294 161 193 544 121 178 109 394 332 127 82 300 211 371 236 396 544 491 340 487 197 519 215 172 275 238 322 539 450 140 150 321 283 518 327 40 19 50 189 469 476 153 361 444 230 145 84 425 103 12 419 530 15 152 343 9 209 272 45 330 324 207 284 438 361 491 208 238 274 108 80 467 87 136 482 473 81 84 371 173 527 86 3 173 207 484 425 531 382 288 388 197 469 410 390 438 244 386 88 154 11 498 442 396 518 512 462 119 447 303 380 209 270 424 133 465 390 62 441 190 493 448 83 162 515 388 181 23 271 149 307 241 143 335 491 471 540 38 139 100 201 358 261 265 161 98 387 494 557 246 234 9 402 159 514 152 67 557 249 246 534 358 353 475 148 186 445 71 211 558 408 337 295 71 525 157 243 285 114 191 226 345 79 469 150 92 455 476 69 486 41 7 351 256 82 384 391 24 539 433 161 64 419 542 207 508 424 358 84 116 95 561 101 171 39 423 474 499 178 307 225 494 177 190 339 542 194 180 28 279 96 513 92 389 490 26 284 537 429 361 6 224 423 416 482
286 89 310 118 194 381 81 519 345 201 297 368 288 493 565 426 35 548 182 113 510 117 533 394 309 331 423 113 63 221 152 272 531 537 267 255 251 384 282 170 300 210 3 220 8 548 213 402 236 347 121 151 289 17 261 297 280 469 246 251 495 8 296 461 197 314 232 550 458 350 223 148 160 240 466 329 506 234 275 103 468 422 441 563 362 278 76 544 107 19 300 501 172 231 262 552 480 63 77 0 257 232 105 111 316 545 25 63 545 258 257 459 189 166 107 426 105 18 523 26 498 388 138 172 142 525 353 185 276 261 28 460 309 533 439 52 71 307 303 565 94 491 93 78 463 552 252 123 346 40 38 447 237 371 527 219 311 331 192 260 302 9 173 415 422 46 130 292 311 226 359 553 134 560 520 179 568 484 392 338 562 114 183 309 3 179 522 58 225 35 218 144 158 173 184 459 462 281 169 3 394 420 295 502 49 552 378 245 188 488 566 368 37 35 318 146 326 412 157 287 554 208 272 93 141 39 132 314 206 467 541 397 460 231 487 306 193 97 391 250 447 336 47 90 501 193 92 20 1 47 532 426 66 310 533 181 245 285 407 414 35 57 289 379 416 154 76 252 227 485 437 36 273 441 423 76 73 475 387 487 34 211 130 217 381 79 462 118
290 74 252 258 389 166 385 450 183 224 204 51 262 284 472 516 487 15 380 414 391 329 487 176 417 468 473 24 428 318 380 413 132 160 178 141 286 159 279 224 111 506 20 416 329 557 311 359 372 38 564 137 60 307 363 25 293 419 217 235 527 178 497 339 276 144 5 72 152 380 547 11 523 140 530 455 70 13 181 464 184 523 143 421 109 368 370 85 242 405 477 518 341 224 129 275 195 449 186 370 263 450 263 335 563 315 213 485 460 195 229 263 495 254 97 100 348 182 435 25 361 205 335 142 161 202 473 280 552 546 418 335 111 394 559 130 468 377 38 81 500 105 175 136 574 312 333 361 333 293 524 497 473 37 225 313 357 573 82 506 397 509 82 16 67 369 569 307 232 542 302 372 504 328 108 376 473 290 497 415 483 17 249 421 175 458 83 120 568 183 229 544 366 355 570 383 296 88 233 442 38 53 542 412 442 155 521 228 243 402 331 67 539 151 240 362 269 282 508 165 46 490 345 420 62 258 128 23 24 288 85 416 309 297 473 249 550 568 229 492 486 430 393 42 94 433 427 496 107 555 406 89 62 562 559 475 243 43 225 216 424 393 144 292 154 238 390 139 540 74 433 157 20 327 337 403 311 527 482 303 128 312 136 103 344 173 32 156 291 229 299 321
298 156 529 35 153 506 160 29 261 516 159 582 328 549 510 47 478 228 333 52 473 100 75 275 151 30 582 507 320 585 427 177 501 474 532 482 269 224 569 309 395 289 87 137 78 369 31 312 561 65 455 157 308 577 213 348 228 590 512 130 101 39 238 475 223 37 462 153 396 439 332 367 384 380 262 77 160 526 172 434 333 324 170 71 66 410 82 72 166 37 174 497 413 495 533 420 13 187 1 119 117 496 366 271 506 416 186 65 533 545 142 89 186 139 406 191 306 57 56 23 218 139 498 519 481 220 516 593 97 419 440 365 538 267 118 104 61 224 448 447 72 411 126 296 462 236 178 89 70 250 282 232 489 231 56 530 483 567 426 73 494 311 381 192 54 480 287 96 183 448 263 265 308 146 457 367 265 453 512 498 19 225 117 467 343 396 219 364 250 379 41 370 263 137 277 466 141 299 405 585 362 17 320 163 245 477 17 466 183 517 571 411 254 180 127 576 539 594 576 588 395 491 416 290 532 242 457 108 461 206 1 80 555 231 469 27 249 561 295 113 496 462 159 298 220 411 162 426 175 549 157 65 207 418 218 227 474 180 494 554 61 444 87 437 28 166 344 410 498 497 360 562 440 167 69 548 439 516 537 128 93 484 438 111 142 590 300 550 32 446 49 454 425 225 272 226 102 478 174 69
302 172 3 357 116 381 207 77 10 490 25 103 521 546 492 582 527 337 407 79 369 367 233 212 546 82 16 25 194 434 236 238 509 298 189 69 330 480 125 291 416 206 429 501 125 235 11 317 568 318 73 441 562 543 336 184 575 219 102 350 431 312 301 554 41 288 514 279 544 182 37 482 83 48 491 133 190 54 375 467 552 408 144 486 442 469 417 589 287 66 481 394 259 599 219 409 256 499 209 6 400 224 439 253 72 200 261 190 501 12 189 36 465 227 168 61 511 263 508 478 1 435 163 277 385 566 353 557 85 334 563 64 287 557 123 38 100 551 246 557 214 1 355 232 162 68 148 603 316 341 268 445 549 251 384 194 595 217 287 441 478 270 61 282 160 102 476 595 472 192 95 242 278 464 535 603 17 291 130 509 107 353 481 195 500 386 312 352 39 324 14 438 197 204 70 323 603 194 319 440 243 453 578 589 444 155 273 155 313 334 569 564 527 186 304 152 601 464 76 436 504 499 375 330 6 145 17 571 246 71 1 139 253 109 272 127 184 203 567 564 522 274 190 344 423 396 517 426 211 199 15 37 341 455 387 155 139 548 578 603 285 203 37 575 285 67 106 483 52 541 532 122 466 58 158 27 592 173 329 207 149 469 85 361 163 532 191 192 293 483 204 603 545 70 42 365 62 440 236 73 243 130 194 275
306 47 105 470 315 357 128 365 208 233 135 68 246 159 71 291 379 117 511 306 389 34 534 449 560 454 20 278 138 138 516 526 423 32 45 75 506 372 217 586 483 158 371 329 455 471 366 535 584 94 401 2 560 239 392 271 98 211 211 471 382 241 368 354 136 383 333 547 469 583 289 104 460 447 570 546 165 340 221 169 203 99 432 232 27 356 260 112 596 298 512 317 76 455 245 303 23 39 153 246 12 479 202 276 303 151 475 98 472 57 336 273 357 335 240 416 512 371 193 334 309 242 321 528 95 468 49 470 332 467 41 597 277 243 467 260 526 74 245 563 114 368 71 274 466 236 245 30 245 239 132 196 426 46 405 120 154 428 491 166 449 478 32 232 86 337 91 600 522 182 93 1 155 267 548 77 149 46 422 8 329 39 101 263 597 479 436 223 512 316 383 237 40 147 245 510 579 282 249 8 25 394 498 248 558 589 70 103 90 557 304 125 341 205 592 201 469 300 506 51 474 141 127 255 438 367 396 33 467 428 152 0 294 200 152 365 423 199 432 595 201 492 280 363 494 486 313 425 592 468 540 26 453 597 307 542 604 547 481 300 185 333 365 234 531 266 344 503 203 422 241 220 352 134 349 470 232 9 0 122 172 227 239 114 63 332 178 66 416 13 455 274 124 512 488 45 96 55 586 234 172 209 558 116 290 459 495 383
306 189 219 514 52 209 482 513 249 169 335 520 36 97 52 375 330 345 375 0 120 20 226 98 96 8 395 141 374 542 333 461 170 139 335 158 561 122 295 98 79 336 132 557 224 588 313 101 453 283 138 336 486 19 425 436 160 85 607 479 141 574 466 568 157 551 99 350 289 526 14 602 94 368 162 145 117 477 348 447 12 574 48 28 387 210 75 139 226 90 516 153 335 262 378 29 68 377 192 541 73 529 274 5 137 425 507 432 310 235 171 422 131 440 113 521 59 573 573 22 602 237 315 2 45 243 416 469 8 193 499 301 167 309 354 175 318 195 243 118 504 231 227 273 49 166 538 495 202 351 59 0 355 363 218 447 237 96 89 147 38 228 411 487 28 250 453 11 219 18 430 171 113 285 272 47 454 333 461 488 467 284 113 502 577 319 323 232 481 198 178 548 443 570 102 410 158 69 454 216 403 295 444 372 108 336 499 187 186 206 489 183 471 135 175 246 165 85 489 51 362 447 79 137 171 149 445 311 255 266 165 249 105 369 504 575 504 169 603 40 157 348 474 151 482 207 278 42 432 581 410 151 512 578 257 338 295 544 20 394 19 303 257 598 89 14 156 386 315 600 584 220 261 134 15 255 349 549 370 515 71 193 62 140 599 36 233 559 561 336 139 178 418 257 130 151 445 169 281 558 274 228 372 94 85 603 462 582
310 36 560 290 326 3 88 151 572 378 272 219 170 429 361 174 397 439 218 39 616 319 56 427 281 61 189 187 25 403 336 19 121 360 612 212 42 437 365 70 129 108 338 575 182 509 353 358 399 360 135 243 401 429 337 369 436 545 460 444 223 99 40 585 544 216 66 418 496 470 540 457 617 319 152 340 25 383 517 18 176 298 376 9 573 532 452 162 617 186 564 7 403 328 151 539 325 579 161 88 440 163 353 619 226 452 273 231 468 179 180 606 141 511 278 464 246 416 582 11 439 189 358 609 294 9 281 541 101 293 413 3 322 456 101 71 3 103 175 350 114 311 398 206 582 594 230 482 304 295 566 351 268 186 591 414 456 372 312 384 268 11 468 129 188 57 590 499 252 29 345 538 241 547 204 441 439 611 540 320 268 70 569 401 360 122 135 274 367 596 224 266 17 373 85 127 41 17 375 40 105 399 175 293 576 506 84 370 508 500 268 375 12 421 606 224 371 181 540 446 443 272 120 520 442 403 128 5 116 378 488 378 499 285 69 387 88 565 109 536 127 129 136 44 196 26 19 186 58 466 575 49 368 396 213 605 521 207 153 285 289 329 542 277 470 599 273 287 40 544 478 106 281 319 225 563 221 193 327 438 586 266 360 2 260 126 314 433 184 618 309 356 196 292 365 68 508 143 373 166 251 48 175 334 145 448 224 56 267 502 48 547
310 101 129 557 390 547 354 416 339 317 235 185 432 460 566 13 59 104 332 200 120 277 239 64 0 33 518 604 560 507 327 471 587 86 398 194 125 225 553 614 310 9 510 595 281 401 254 339 564 513 504 516 125 531 558 146 237 270 571 586 410 138 438 596 547 177 553 58 121 207 405 391 344 546 214 263 291 270 325 133 357 347 104 131 174 325 304 522 58 328 405 283 444 102 53 602 569 360 196 474 91 120 233 480 422 211 387 527 520 117 65 380 229 547 457 611 480 255 17 346 541 498 505 383 578 433 150 425 228 498 377 357 372 74 39 231 99 164 454 420 397 498 560 218 551 318 408 396 196 88 64 181 130 598 313 72 71 487 507 16 353 533 212 418 321 413 320 579 501 596 501 107 388 46 35 418 596 167 126 111 550 382 105 345 359 4 280 102 614 598 584 8 504 341 511 416 73 47 511 574 442 53 132 556 591 320 48 421 537 467 561 215 413 435 22 582 473 259 268 163 208 39 16 551 476 592 218 209 587 101 284 70 49 306 467 483 203 328 79 377 573 438 273 231 192 562 556 257 231 364 565 203 79 430 196 551 417 70 336 14 257 465 136 461 485 309 180 353 534 183 85 425 283 318 398 358 403 299 53 612 8 433 376 47 302 403 547 144 136 16 447 502 15 605 90 574 419 28 126 607 606 239 324 238 319 554 154 70 406 214 346 356
314 237 261 455 592 299 247 588 269 245 445 283 148 557 389 488 23 229 256 274 326 198 527 348 204 618 426 590 290 416 357 369 327 103 523 7 612 587 444 238 479 183 594 45 416 215 378 436 440 557 386 625 440 291 350 38 331 227 469 265 454 205 411 304 182 75 85 425 213 610 336 290 404 466 72 612 573 99 309 304 300 77 349 314 291 484 484 331 103 287 385 490 17 537 351 416 443 428 461 231 313 256 197 259 192 389 497 497 418 345 81 493 361 124 24 448 197 264 398 373 434 224 388 208 84 141 104 489 189 169 264 181 40 208 12 288 534 168 410 504 379 221 296 216 484 561 430 73 101 176 153 492 376 421 300 475 377 390 242 65 552 59 445 427 454 91 452 268 239 128 115 527 109 100 333 283 425 365 450 243 72 426 189 93 52 60 204 186 306 622 36 189 576 581 332 337 147 26 548 478 416 116 341 15 514 488 294 57 544 186 244 409 289 444 398 48 584 28 292 357 137 85 369 626 404 517 283 346 79 430 206 286 391 624 195 346 517 475 513 593 499 343 239 241 9 445 6 526 586 285 385 614 624 549 252 502 456 457 46 333 270 177 486 266 346 371 232 504 431 552 14 281 586 329 18 64 215 303 591 2 584 10 331 451 47 460 560 317 606 286 177 399 322 538 368 105 408 104 588 391 459 161 455 499 464 252 462 491 541 289 336 52 493 232 396 593
334 221 65 443 477 618 566 73 250 624 11 586 437 389 626 181 462 181 451 343 644 101 186 348 612 311 628 412 547 113 116 543 417 632 307 569 197 325 551 195 74 51 460 246 626 381 83 179 522 496 395 302 171 659 254 607 462 602 594 139 77 6 365 5 489 108 316 523 144 519 429 215 384 525 620 542 117 445 61 589 80 134 47 476 275 305 202 338 372 407 231 624 179 444 296 395 487 397 59 412 490 102 472 166 174 455 436 280 183 268 273 590 446 289 593 508 451 254 10 251 132 439 582 299 511 250 258 260 469 472 446 648 368 0 97 189 52 556 510 473 621 365 180 317 280 226 270 631 135 122 118 256 126 581 654 123 462 420 102 248 580 345 442 280 360 189 54 227 60 640 400 276 226 251 410 377 128 514 546 130 503 46 409 4 231 108 112 579 132 142 424 346 559 451 8 666 336 318 148 242 78 620 387 20 456 87 360 206 211 97 190 472 157 508 40 105 556 530 147 626 524 252 76 113 164 573 12 365 425 378 352 584 605 288 544 275 233 655 413 186 576 534 432 408 175 63 608 61 144 226 300 92 193 385 133 19 182 613 482 493 420 591 390 409 585 38 339 194 501 419 243 52 492 209 164 432 254 443 221 444 472 107 267 441 617 447 41 76 334 168 226 595 469 287 612 339 460 565 18 72 665 162 303 123 131 240 490 87 191 331 171 423 597 457 247 296 266 131 337 606 469 369 479 416 22 38 272 233 555 17 196 117 280 331 639 388
338 30 404 45 23 667 58 49 245 523 259 477 330 440 566 294 636 48 626 82 668 15 151 180 629 365 469 8 135 271 671 290 45 595 435 15 122 660 228 15 439 270 351 258 569 281 137 59 37 655 180 369 285 609 506 374 130 584 597 589 262 50 60 644 43 440 241 272 215 460 663 561 518 4 512 243 270 454 622 542 254 376 633 140 604 157 210 102 331 517 368 346 670 523 286 371 618 43 343 213 157 534 105 104 672 234 427 571 503 245 87 622 418 503 7 326 23 158 37 55 177 555 7 453 252 103 227 564 84 546 336 15 623 157 369 467 558 528 656 340 119 584 347 458 497 75 472 124 419 354 356 90 238 126 127 519 396 450 300 664 262 634 293 470 209 385 567 324 567 277 444 197 597 104 326 186 413 81 169 250 459 28 356 587 240 283 556 132 482 451 442 263 343 256 618 653 178 597 195 670 200 605 668 96 330 66 122 637 133 257 619 237 654 44 490 506 329 199 469 160 163 258 271 110 602 217 268 651 163 420 512 27 261 652 318 92 476 459 625 153 675 232 532 189 481 457 140 561 240 629 443 607 83 413 438 142 596 585 206 517 647 37 279 556 236 495 537 139 653 222 610 127 482 643 321 659 151 159 630 23 635 438 397 445 653 495 606 280 79 537 528 500 431 396 556 300 169 131 169 413 383 621 160 545 187 258 475 129 55 50 254 318 120 566 145 557 191 415 353 619 386 283 593 333 259 163 454 224 116 675 588 645 323 343 408 409 348 601 487 430
338 31 174 632 528 248 269 340 465 661 170 238 593 582 207 354 268 11 43 664 375 158 275 330 618 296 389 432 675 85 621 94 597 502 140 428 243 59 36 171 628 561 292 436 103 645 35 61 400 293 350 86 190 666 239 240 426 205 179 102 171 329 81 124 365 418 513 282 452 440 612 388 294 90 169 136 44 620 220 646 399 278 119 305 652 271 382 25 89 513 379 8 552 598 555 322 78 257 194 609 575 208 566 45 521 468 153 182 609 174 34 81 187 502 626 632 223 39 106 373 172 142 380 238 375 41 104 486 501 87 301 514 101 242 173 472 361 240 128 389 446 384 284 411 519 479 279 21 105 215 87 579 447 197 660 196 324 247 92 79 615 297 41 572 300 542 585 88 556 322 660 20 491 545 591 665 85 542 262 311 26 478 51 303 276 244 72 245 317 480 99 595 112 496 626 347 580 601 564 358 430 65 71 147 364 596 629 77 586 445 46 560 660 652 36 220 513 255 672 382 410 578 133 348 669 193 358 455 225 5 5 231 38 246 270 606 624 237 491 17 39 90 515 421 224 77 554 18 290 585 136 495 375 230 422 429 604 483 350 664 121 263 580 524 452 496 424 152 154 77 129 433 527 194 286 510 647 584 555 193 620 588 166 94 317 631 362 107 161 308 189 54 279 40 143 202 147 296 237 254 425 93 16 27 145 428 610 134 279 634 578 304 608 549 92 334 315 94 324 1 331 441 299 549 495 115 344 342 624 244 513 356 303 327 588 242 228 540 214 628
342 116 363 432 161 248 267 512 34 678 32 505 185 251 672 97 532 267 443 165 368 280 307 620 427 414 375 576 526 105 633 619 566 525 432 531 72 221 596 529 327 493 315 160 538 17 483 54 572 247 326 588 469 128 17 19 97 78 139 314 657 420 419 569 487 549 472 261 377 510 27 521 109 610 442 396 402 633 392 121 90 510 328 476 650 199 650 416 326 267 540 48 616 584 87 513 296 68 380 178 4 161 58 609 336 607 160 426 18 415 475 226 367 67 560 545 538 294 288 417 502 630 590 531 349 602 16 588 470 600 32 446 493 614 337 329 560 468 106 545 83 488 40 333 282 441 638 489 613 253 131 274 565 68 147 205 540 481 10 109 266 428 12 65 64 203 631 39 370 612 231 453 12 393 56 637 362 523 107 294 381 160 503 605 45 56 433 559 80 56 182 331 78 209 679 626 78 650 178 123 503 583 98 581 106 490 163 611 174 411 100 433 532 406 249 644 475 5 607 454 496 423 68 358 34 285 596 492 548 435 102 554 239 666 457 462 405 408 88 60 152 411 606 639 562 630 571 192 157 587 92 24 321 506 33 208 96 608 656 411 638 425 109 469 377 343 27 402 352 86 39 452 54 553 85 375 680 315 319 286 336 31 659 251 125 419 645 589 69 283 251 20 421 572 200 593 665 378 607 204 222 497 398 232 415 208 176 318 552 278 187 114 258 128 162 305 636 460 215 436 251 630 362 484 257 382 49 566 223 676 191 672 336 289 55 160 271 635 389 572 403 638 121 163
346 183 454 351 396 217 403 589 148 72 114 294 202 75 78 385 238 119 468 465 545 83 612 177 246 447 170 320 627 469 97 625 463 581 136 424 337 661 320 108 61 231 542 428 655 552 548 274 586 22 51 64 253 140 645 427 346 362 61 356 106 304 112 419 21 411 584 160 528 209 126 393 168 638 124 537 293 46 47 510 459 249 419 158 50 196 91 678 581 493 183 438 369 61 206 508 587 41 238 502 321 31 401 251 452 625 112 194 357 295 506 41 526 686 674 149 416 555 139 444 436 101 430 162 224 75 259 431 413 578 54 489 350 350 428 295 94 394 294 100 231 656 612 558 80 540 8 612 415 608 99 530 462 4 94 505 292 43 50 465 479 427 643 459 569 159 569 247 590 367 429 417 546 453 222 406 327 278 278 458 575 134 515 374 284 178 231 164 143 272 530 619 368 166 246 560 641 77 89 652 141 545 499 446 0 520 570 462 249 546 99 201 571 286 91 282 312 284 466 26 541 5 677 213 524 556 570 34 275 66 356 499 239 140 333 319 305 514 124 349 78 176 457 621 585 131 573 544 191 517 546 539 47 516 342 398 366 343 388 504 531 130 461 173 358 468 199 215 135 98 607 574 441 295 287 297 494 106 39 571 131 288 93 457 81 143 512 406 527 607 47 34 157 151 595 428 1 368 1 205 238 560 462 263 625 9 619 394 39 412 486 455 505 571 550 195 496 417 513 51 99 44 517 464 563 167 288 494 375 65 105 233 280 136 481 653 547 394 200 215 258 140 48 571 11 27 140 504
350 122 137 411 31 538 129 96 199 573 554 170 670 226 541 431 200 597 562 692 220 123 473 588 13 621 483 198 618 325 465 500 168 121 67 608 604 668 250 110 641 508 467 191 640 616 633 123 354 215 594 642 697 4 125 340 608 610 557 481 260 127 448 487 379 286 557 616 527 262 316 100 55 337 474 83 171 502 335 85 157 35 133 125 498 542 560 560 373 85 624 243 279 150 590 424 697 549 169 391 672 533 361 184 140 134 159 88 682 279 95 693 250 556 547 494 91 326 128 553 668 615 100 482 519 446 465 176 416 288 357 371 354 480 476 140 613 190 164 462 313 406 673 198 677 542 361 656 468 199 572 342 186 13 114 340 496 82 404 81 567 630 264 687 359 374 337 386 159 310 92 92 125 528 397 229 248 246 29 643 386 481 189 237 505 129 684 90 132 247 30 637 50 598 9 685 183 216 257 675 683 621 104 527 381 473 5 691 286 515 586 123 373 69 185 690 657 21 686 343 615 92 496 549 398 217 516 146 396 67 139 600 107 457 48 428 616 117 250 99 145 509 65 220 303 193 200 234 439 322 348 232 536 375 621 563 487 300 172 585 270 171 486 273 689 583 566 583 349 275 501 695 326 571 151 64 451 59 167 198 663 325 635 560 643 642 641 398 540 225 97 566 585 16 678 665 241 427 221 218 652 548 604 56 139 525 476 195 286 535 500 540 397 655 420 573 668 632 329 126 685 51 418 551 174 319 565 231 264 19 307 110 619 461 162 109 51 31 557 690 150 654 568 620 363 17 12 33 569 252 671 155
354 318 56 355 372 71 226 103 530 184 495 331 564 390 501 453 576 679 311 456 394 389 686 30 553 329 272 422 497 464 502 607 304 84 28 389 540 183 421 449 273 208 552 430 219 595 326 347 135 16 294 385 326 207 166 255 548 533 557 189 81 252 408 267 304 257 665 477 531 369 189 642 43 656 596 320 48 361 591 177 235 356 252 201 613 462 503 253 501 115 16 217 88 395 26 334 418 503 172 399 90 558 384 203 204 306 230 287 600 651 281 469 501 361 366 162 123 682 643 479 235 11 261 659 263 212 690 236 282 638 600 517 566 126 41 413 176 664 4 214 245 674 76 54 28 259 631 640 216 700 600 39 552 424 434 266 295 88 237 512 619 25 550 651 436 520 371 302 386 626 386 149 54 631 464 208 448 574 695 437 86 680 237 62 572 280 237 587 133 251 226 128 642 133 291 608 44 31 438 141 259 679 540 452 43 65 467 205 394 680 117 518 411 285 326 703 76 597 362 468 97 493 620 472 50 94 44 410 506 659 385 606 161 406 464 680 238 510 306 276 142 105 149 287 449 547 120 228 278 599 412 656 458 395 146 406 570 181 435 72 231 574 67 113 352 436 277 575 143 68 390 558 11 484 141 379 341 596 286 188 593 552 3 235 491 694 57 247 693 127 43 44 548 586 623 10 333 130 591 525 16 128 344 459 270 224 285 359 69 501 614 540 248 621 603 186 49 317 123 18 127 311 521 688 670 591 620 327 652 537 241 327 699 79 191 271 593 180 332 456 370 51 470 542 649 418 584 482 246 120 573 433 214 489 203 481
362 62 18 136 571 371 462 19 283 430 219 218 459 249 615 248 490 614 137 710 108 141 663 494 184 221 123 126 722 475 566 449 376 459 107 17 295 55 500 341 73 396 267 406 418 260 100 130 335 289 569 528 488 622 619 564 281 325 694 651 105 402 51 677 128 708 405 444 49 49 231 473 363 330 556 600 513 84 318 541 448 717 195 574 326 643 66 554 350 91 63 322 233 9 13 302 384 638 35 582 723 384 487 154 418 711 320 65 721 636 553 108 572 53 543 483 526 516 179 363 495 413 128 0 451 329 702 172 204 653 104 54 322 189 24 562 257 649 565 439 44 448 291 10 532 69 185 520 513 545 367 172 360 697 60 414 683 417 578 423 634 192 555 471 214 153 700 535 317 80 546 170 244 551 207 172 314 326 398 546 391 701 119 6 505 640 340 238 723 477 603 333 196 474 595 390 526 78 155 666 567 166 502 255 546 155 18 89 95 280 235 249 192 50 125 152 302 262 144 423 246 446 85 687 7 278 18 44 257 373 397 612 101 392 682 326 552 291 138 286 366 690 300 654 43 376 1 416 316 120 61 475 374 1 14 451 582 655 611 113 719 64 453 137 337 599 164 691 392 500 258 453 458 161 100 633 535 666 424 706 29 389 621 266 299 278 291 3 184 258 19 257 60 255 6 270 447 386 217 718 323 618 548 299 265 392 617 82 403 290 156 17 87 542 24 24 719 529 7 550 203 521 427 719 313 301 326 499 598 222 45 499 194 261 569 465 332 63 538 675 417 594 348 700 543 220 504 382 263 85 421 243 44 42 485 160 303 675 539 309 300 533 144 176
366 90 338 730 422 411 650 636 417 483 139 365 145 231 78 630 162 310 581 564 214 311 315 610 65 79 307 561 692 179 153 479 284 605 162 627 678 364 699 663 177 592 502 395 278 547 581 107 121 105 554 635 389 377 97 544 164 90 602 186 230 718 673 553 510 295 201 326 154 5 515 445 685 541 667 287 90 615 619 457 136 618 326 356 730 49 724 423 417 332 323 199 3 583 724 162 604 272 356 673 77 51 254 432 279 374 715 455 340 638 99 167 644 493 511 372 21 446 516 448 491 643 673 489 152 696 482 247 225 206 669 527 642 72 534 605 248 94 392 57 683 75 412 183 514 217 324 461 573 263 29 343 448 670 531 264 515 270 728 643 445 122 440 22 12 210 243 276 314 488 596 371 266 481 279 526 202 149 245 138 389 438 275 626 318 177 316 353 25 35 443 161 124 421 50 503 114 26 254 528 310 684 400 445 44 274 593 682 249 716 36 499 110 22 572 91 716 634 254 556 244 335 484 613 332 573 504 650 665 490 671 99 56 157 719 7 552 605 539 177 483 720 353 298 619 582 684 697 223 398 115 658 710 387 689 392 100 202 74 378 537 43 323 119 334 147 593 180 131 297 497 511 164 172 345 25 152 727 35 685 280 124 250 207 184 294 666 642 188 544 466 329 324 37 152 238 289 171 611 185 38 164 401 269 157 145 479 313 66 75 524 123 418 719 182 137 706 91 623 0 447 618 158 673 237 697 549 0 623 276 163 91 338 248 14 264 407 530 249 116 614 129 263 534 398 511 386 635 415 27 39 68 614 544 250 172 688 437 522 173 681 96 162 724 598 466 500 60
374 155 362 588 410 421 634 527 26 377 643 202 468 658 260 264 408 67 518 163 92 638 174 233 208 676 36 469 331 602 556 26 571 651 710 220 720 315 604 85 543 126 669 284 366 341 514 558 581 313 179 405 654 339 142 148 699 7 420 1 703 203 280 298 23 747 375 684 114 688 124 7 293 316 486 562 360 213 32 511 149 408 360 498 563 729 73 394 467 718 73 421 22 728 476 631 453 187 441 519 642 430 200 341 270 715 226 626 117 561 645 537 118 305 522 638 145 135 654 12 378 600 391 505 112 711 458 96 244 23 640 455 102 69 452 249 379 306 293 186 50 15 174 333 61 637 8 295 190 603 93 305 730 674 375 287 179 209 668 236 571 671 381 579 348 102 133 226 238 126 708 40 584 574 559 697 446 232 109 64 328 97 269 106 488 705 205 513 462 508 703 570 722 549 302 700 399 28 155 627 449 20 500 635 189 745 298 588 543 339 563 267 458 182 616 344 209 589 728 289 34 376 667 711 210 689 560 733 540 119 502 632 110 686 42 735 706 199 661 630 277 498 168 424 81 169 640 180 9 497 538 435 700 572 273 507 746 701 233 232 501 137 549 165 640 622 208 275 515 651 578 271 732 44 633 327 620 45 733 391 717 286 698 621 18 125 742 470 695 538 145 667 431 328 310 141 77 482 223 136 540 709 87 700 482 74 168 546 302 463 305 101 706 465 397 544 129 309 714 316 92 15 182 612 202 336 417 642 35 681 631 339 176 530 174 505 524 552 742 324 500 20 663 571 5 436 202 266 400 252 661 600 331 427 222 186 117 497 595 318 709 565 15 630 647 124 110 616 233 279 594 247 554 56 425 419
374 19 467 324 637 258 177 573 602 375 164 200 230 509 665 681 370 119 510 416 27 175 334 561 86 653 207 535 351 681 663 649 366 35 688 183 134 200 274 106 508 648 590 605 242 702 530 43 656 482 742 688 688 2 416 388 210 512 632 188 159 415 40 497 380 80 57 517 86 451 139 404 486 143 186 601 309 522 497 178 389 591 243 542 556 23 433 308 591 18 108 707 656 644 164 472 107 320 713 380 145 676 201 309 564 247 660 739 328 59 167 440 682 728 19 656 150 26 460 663 415 205 677 596 346 4 177 707 442 339 153 262 143 656 399 469 279 576 695 573 479 465 542 362 385 403 400 279 161 404 14 708 69 65 25 219 160 471 311 281 542 611 684 607 658 7 208 115 686 272 521 601 306 165 14 194 443 466 598 472 268 31 120 217 551 253 344 151 556 569 283 42 307 228 721 484 694 445 233 612 716 414 273 118 159 684 687 515 450 643 283 622 16 719 393 741 600 687 721 620 633 479 716 258 452 233 211 434 310 138 452 577 436 452 744 434 326 100 666 75 316 113 59 292 53 361 425 693 429 208 144 488 389 63 746 253 610 399 174 396 744 171 264 728 268 484 291 553 54 93 727 39 36 667 312 384 449 557 610 703 424 509 93 525 383 16 504 717 29 635 623 224 61 450 99 120 649 152 373 469 405 309 123 16 293 341 706 427 367 432 182 340 394 498 130 88 569 396 96 20 432 296 543 480 30 228 176 538 25 368 555 102 159 259 537 144 700 30 33 96 201 609 412 551 30 172 8 644 140 455 231 39 473 499 158 330 220 176 181 728 266 360 267 174 104 376 3 399 464 332 544 93 253 666 172 246
382 354 582 521 335 542 501 73 731 325 251 634 188 556 577 465 603 429 188 27 674 329 120 411 253 485 441 552 667 674 594 578 720 456 717 638 48 260 140 67 62 501 469 384 220 362 682 365 408 14 416 392 637 144 68 28 672 707 538 146 572 98 84 199 634 708 702 578 447 430 473 631 398 430 592 750 321 442 89 717 172 733 188 486 293 742 68 251 363 297 685 686 348 344 187 405 617 762 653 362 380 658 55 54 405 563 629 491 334 8 582 277 2 418 541 69 170 340 507 416 755 12 725 364 293 93 742 234 550 606 56 631 389 64 394 670 136 279 385 91 225 721 169 377 249 192 177 626 264 502 85 486 182 210 172 83 754 763 492 403 431 559 634 11 675 217 648 162 16 479 359 149 99 249 331 265 664 258 271 356 388 637 188 528 55 584 151 458 351 91 546 407 280 665 512 199 255 63 283 139 315 745 353 565 248 474 175 565 336 473 255 544 457 684 754 362 741 680 168 618 691 366 334 358 172 761 403 543 461 482 146 486 623 393 421 415 196 473 46 622 708 409 701 395 634 430 352 560 502 735 729 156 80 293 225 490 449 757 40 78 354 570 599 355 726 326 130 475 709 537 599 754 31 504 446 18 9 74 587 385 682 270 724 534 755 260 655 187 278 716 165 474 182 599 69 430 84 673 650 732 481 58 297 417 101 214 548 532 565 463 159 755 362 561 721 509 156 380 649 208 715 239 434 485 356 157 635 159 230 347 161 734 71 538 367 594 456 547 344 306 159 264 610 63 423 581 635 299 377 475 42 533 272 679 167 590 137 153 176 663 735 4 243 120 93 399 585 228 594 482 587 257 298 497 494 333 504 158 668 34 729 517 633 67
386 268 610 619 57 651 767 643 267 183 41 606 494 555 646 25 8 48 648 269 555 38 6 527 595 589 226 656 99 705 291 612 317 733 609 455 384 147 209 750 693 642 613 86 457 409 590 129 93 204 535 660 379 518 432 79 423 46 483 407 312 761 211 19 37 56 153 460 556 107 106 708 269 220 556 605 718 485 608 216 383 596 207 223 718 334 311 242 648 641 95 640 211 396 556 134 429 718 629 22 321 724 524 453 579 386 268 228 222 574 584 473 458 385 74 563 766 103 352 304 394 735 400 493 140 239 108 250 310 241 213 144 70 122 208 645 446 463 339 591 62 619 574 458 676 746 634 686 393 383 131 92 178 165 522 487 366 642 349 305 246 711 296 349 539 127 269 574 601 624 687 225 547 540 10 455 680 278 99 584 653 17 466 20 620 256 673 202 443 510 226 758 751 502 204 703 264 750 442 16 286 583 13 753 140 100 113 308 68 24 659 0 300 182 359 261 672 594 771 463 407 268 46 745 373 187 736 249 117 76 397 44 102 416 251 611 663 23 108 73 109 491 293 371 178 765 745 646 458 173 162 11 336 80 587 558 645 424 238 84 762 633 398 255 215 368 614 682 223 657 318 89 34 400 559 453 39 748 363 235 19 58 403 696 454 768 730 378 588 328 14 178 136 85 290 731 574 444 560 716 692 530 69 346 398 362 251 43 671 759 67 475 241 87 456 213 449 235 290 148 669 102 751 540 551 649 29 22 663 646 175 280 90 403 242 741 107 515 261 704 554 197 760 711 675 355 744 622 725 712 578 511 691 14 719 431 44 551 488 228 475 173 150 153 545 514 274 165 195 320 139 281 108 402 545 563 31 54 423 525 765 515 328 99 690 494 454 659
386 239 363 16 706 495 360 719 498 690 743 335 39 318 642 278 377 716 391 162 16 326 114 630 512 130 269 668 13 599 499 687 606 745 481 129 64 269 458 3 311 455 375 482 759 239 454 736 79 729 288 596 28 200 179 154 703 408 180 514 438 475 31 577 205 481 434 425 520 40 750 54 410 3 420 538 607 454 468 599 492 470 122 306 304 516 732 533 618 515 26 612 150 251 266 627 390 298 9 608 319 149 299 56 203 304 353 588 709 341 585 430 5 183 672 318 702 192 19 690 307 374 503 503 214 474 511 354 589 757 381 95 283 284 555 476 127 484 178 423 277 460 10 164 694 268 260 565 232 262 515 69 193 301 684 650 747 505 92 478 327 360 32 696 733 195 656 133 195 204 731 328 323 302 567 609 258 189 238 398 145 174 351 571 631 488 536 327 416 88 168 91 687 503 623 141 133 56 557 53 388 203 464 648 138 312 85 9 465 331 428 33 265 566 26 73 535 274 699 638 468 323 308 584 394 342 750 480 654 329 199 249 123 650 677 52 59 747 496 194 108 127 352 636 126 283 281 13 452 608 624 402 58 428 719 264 77 214 595 227 283 708 643 125 242 5 723 577 445 670 429 640 406 340 531 199 654 498 650 131 433 397 60 597 458 390 30 661 437 92 723 79 364 386 354 586 31 260 128 545 271 613 48 183 700 363 259 141 34 11 135 657 479 301 578 460 424 125 7 391 573 524 551 10 331 234 503 322 718 347 353 160 369 610 469 136 334 483 99 582 142 28 449 126 329 40 0 700 277 127 745 306 4 487 186 371 357 224 406 162 218 238 633 110 595 257 31 471 650 565 10 638 350 320 736 318 601 767 445 201 63 81 254 438 12 86 506 597
394 261 567 708 696 557 271 743 222 305 597 753 744 619 125 63 552 108 178 197 21 696 127 673 499 623 727 124 260 685 744 515 751 689 28 486 366 105 252 657 483 594 436 406 159 2 195 264 479 203 775 544 760 271 774 673 654 547 403 384 314 220 261 638 175 72 487 606 483 211 740 560 588 703 368 417 515 565 750 662 212 174 459 405 44 89 514 69 619 666 251 108 650 225 583 361 563 332 598 586 403 614 67 442 519 513 143 426 19 32 687 663 360 290 280 203 503 780 454 330 594 395 533 30 684 630 259 136 261 590 784 475 428 215 361 719 408 83 74 675 602 283 314 63 29 390 182 551 204 6 698 732 454 7 522 279 216 14 162 30 197 278 1 727 698 268 50 727 374 334 377 55 572 42 101 348 260 86 285 243 680 331 104 45 130 163 780 635 695 197 62 605 626 256 270 165 617 504 184 225 452 237 302 742 343 560 204 4 725 727 754 58 270 270 530 641 181 281 254 251 350 91 206 326 412 292 455 475 112 239 315 618 462 627 331 272 304 703 10 767 625 42 50 459 207 632 495 778 501 236 622 656 679 79 39 21 160 29 455 754 516 188 397 423 192 710 448 223 668 743 34 751 154 570 774 550 10 764 506 105 753 557 590 304 733 157 154 399 785 422 265 400 465 680 157 116 267 247 237 475 743 731 246 579 240 479 689 107 148 206 226 613 334 542 325 707 573 610 216 695 408 690 301 553 590 498 422 653 69 48 34 700 276 339 3 776 565 599 228 742 506 89 275 354 510 768 432 478 43 308 438 774 174 707 183 675 330 335 144 131 411 186 166 42 693 279 19 149 706 207 380 476 355 758 126 40 478 765 529 768 540 148 726 680 700 406 20 531 624 71 571 590 268 484 575 330
398 84 30 456 388 719 776 170 411 77 503 144 398 515 242 114 95 410 235 156 744 340 175 606 327 208 107 149 26 58 682 706 305 15 393 656 730 661 95 113 319 764 468 617 54 170 722 589 96 795 591 412 602 124 244 676 702 359 430 547 192 212 331 405 204 277 90 366 18 47 728 645 415 191 737 16 612 176 152 582 265 564 592 520 289 56 156 306 99 601 328 557 780 373 769 526 517 399 252 320 161 65 552 268 584 738 43 571 536 89 98 340 69 369 261 339 679 678 693 225 352 93 362 261 248 530 335 225 758 696 232 699 187 432 647 684 552 63 174 296 543 332 136 122 216 521 739 25 625 569 0 751 67 628 82 560 556 357 709 187 319 779 202 754 188 428 337 771 285 653 332 1 390 323 657 154 517 595 13 769 746 420 790 127 654 318 406 739 499 36 148 166 324 364 787 484 50 384 261 732 352 676 681 649 281 391 515 193 423 345 591 175 655 545 709 399 390 456 654 275 469 432 441 62 286 599 772 553 338 1 45 612 558 445 710 773 183 756 693 528 50 785 365 228 416 689 98 506 41 470 65 717 322 319 779 456 561 160 426 84 716 84 626 423 308 302 236 510 409 359 535 49 369 733 407 93 96 774 39 709 378 291 387 414 423 263 434 110 424 468 321 151 174 252 674 623 592 634 111 20 579 589 522 7 527 674 783 75 75 229 769 378 628 145 20 366 349 236 690 415 244 516 622 781 386 153 150 324 84 204 362 352 737 23 454 661 739 415 348 56 622 319 739 647 544 447 405 379 322 18 7 444 461 275 51 358 59 597 228 146 529 7 257 678 353 49 317 532 702 641 305 359 87 728 202 109 659 78 80 199 356 559 32 458 213 244 201 633 295 428 680 256 178 304 108 295 288 314 257 741
398 27 795 579 498 630 510 678 22 58 337 364 244 390 293 622 313 342 321 706 95 325 121 144 107 558 3 309 337 212 59 536 274 125 195 184 554 348 774 190 14 233 670 790 325 493 247 756 703 173 292 504 754 670 501 158 17 250 443 200 18 54 641 547 774 557 84 150 312 393 168 83 291 298 438 632 61 148 494 72 436 529 149 71 472 371 417 280 234 424 485 151 229 249 439 133 181 129 280 721 451 572 52 680 497 314 789 441 14 116 633 75 675 40 627 559 35 735 94 516 32 620 366 169 650 113 395 639 242 333 464 314 383 750 562 652 424 61 504 2 616 251 310 493 331 660 112 170 242 154 283 770 770 385 245 513 724 475 425 223 139 485 528 758 330 545 595 448 240 520 456 669 547 402 445 521 399 220 515 454 418 636 644 182 238 662 228 744 399 187 54 195 430 475 499 406 191 47 362 390 278 776 41 40 4 497 587 171 755 25 397 271 384 460 235 726 59 103 611 148 237 474 150 621 207 277 695 39 502 392 695 316 210 108 221 553 78 725 473 18 26 636 480 99 372 720 745 624 179 64 502 374 567 218 33 212 612 277 458 577 576 163 747 354 787 171 80 359 296 479 468 254 137 154 414 2 212 370 660 212 232 61 692 370 463 266 208 62 636 547 371 734 693 172 320 219 679 426 441 752 668 695 527 600 202 143 753 229 532 686 388 160 672 185 272 617 8 739 96 719 708 379 170 427 236 523 500 67 574 596 255 181 694 437 780 215 230 248 549 567 685 436 301 384 478 732 666 327 505 776 659 398 768 437 609 118 337 424 55 27 437 725 163 113 128 317 20 399 737 791 442 146 11 577 641 628 246 738 58 36 769 352 398 279 693 739 745 115 652 395 464 533 440 226 247 225 724 427 644 474
402 85 647 500 53 294 670 480 347 357 424 789 699 600 200 768 219 767 440 13 761 238 22 101 742 294 703 341 481 763 479 466 225 90 232 47 92 557 242 494 759 261 328 621 797 55 659 95 120 533 360 694 571 171 745 79 556 139 712 711 585 105 182 79 49 343 197 71 667 253 109 44 670 193 229 218 90 187 1 298 449 469 81 605 637 52 58 409 587 8 735 720 357 254 718 639 699 588 383 296 600 547 306 492 540 83 565 102 585 192 313 773 10 329 342 540 466 91 411 710 367 541 356 253 172 133 205 590 625 405 467 735 446 647 591 447 141 13 438 184 97 752 526 86 128 213 530 273 105 351 790 433 473 345 611 90 289 544 285 323 408 302 234 505 483 11 319 703 769 89 793 729 769 221 340 355 210 646 401 646 354 510 3 643 140 766 600 389 483 635 584 329 95 771 190 59 1 100 344 428 567 409 695 578 229 150 783 128 721 105 267 380 584 690 289 438 61 421 306 358 122 782 650 72 394 463 277 2 422 599 580 185 636 786 84 398 746 381 415 539 654 597 334 602 704 748 676 29 727 281 452 545 515 432 796 281 10 352 154 722 635 144 429 608 142 371 690 36 773 708 656 158 171 455 135 513 173 366 134 665 144 170 197 423 296 776 742 787 460 540 771 299 473 438 537 345 556 561 54 669 273 161 20 659 503 691 374 739 36 135 711 695 775 400 546 724 243 6 765 745 250 305 116 698 543 710 312 347 186 575 643 176 31 723 285 405 722 749 772 399 644 335 525 551 233 583 324 107 348 4 155 514 338 225 690 692 186 422 156 662 144 222 213 163 130 445 617 564 743 137 556 497 88 34 293 225 748 11 774 73 679 683 731 16 699 306 540 396 400 494 380 597 378 145 666 228 762 240 76 729 223 231 297 363
402 70 450 420 744 317 276 515 638 586 666 133 313 24 803 118 232 677 628 410 29 91 117 560 78 159 755 316 681 465 580 566 470 121 120 482 437 511 683 315 392 60 494 369 801 96 216 261 398 149 152 762 784 709 464 641 419 89 486 294 696 313 628 416 40 754 312 743 549 797 314 473 461 714 423 323 716 312 63 608 67 760 782 72 286 510 683 198 281 659 576 553 177 745 561 775 610 802 351 795 683 390 191 394 157 55 637 36 278 497 786 127 18 389 368 291 37 55 419 480 24 535 89 18 148 181 325 787 217 221 549 641 716 141 708 112 10 209 508 115 424 221 518 488 637 620 478 538 644 571 705 608 101 370 271 125 470 552 508 105 415 527 333 266 107 473 246 202 666 487 52 794 398 685 460 567 537 394 16 602 388 658 451 727 294 322 576 170 636 413 41 525 458 173 640 83 457 35 225 177 169 439 606 156 636 15 462 464 532 526 479 517 541 381 623 510 592 37 234 110 23 498 495 549 794 694 95 195 30 401 677 264 186 717 466 424 295 274 749 475 33 440 285 592 174 213 422 529 731 79 252 709 667 698 507 718 779 346 641 496 624 384 15 518 359 112 481 45 68 24 791 613 247 419 331 615 334 700 373 712 174 307 393 407 776 377 579 713 165 294 665 701 497 132 42 411 573 527 208 48 764 499 441 103 598 61 629 490 366 704 102 424 523 123 176 484 374 243 165 340 182 592 783 467 567 299 801 621 644 175 381 646 109 614 19 773 202 399 652 674 274 269 510 615 555 636 364 31 162 782 47 247 320 202 237 721 588 602 487 789 192 638 269 390 729 113 545 462 714 495 154 368 473 271 385 62 444 407 640 194 165 718 265 296 232 390 636 612 567 390 667 686 295 111 380 643 720 410 81 708 785 188 257 737
402 59 717 10 445 708 331 628 494 576 552 303 789 48 574 199 41 363 492 590 647 340 590 498 141 80 341 145 408 322 21 753 417 194 590 142 570 704 101 637 180 60 336 24 484 104 785 380 12 651 260 546 193 551 541 324 17 263 708 567 126 465 764 661 700 86 284 520 539 452 146 476 295 745 486 298 497 534 393 537 793 427 18 355 109 191 31 565 236 732 218 82 517 15 206 360 73 180 744 765 435 461 220 409 391 146 800 93 103 616 449 303 633 220 107 18 369 527 463 317 608 425 66 562 154 65 127 340 427 367 362 771 293 760 680 278 395 642 254 787 680 208 492 393 268 630 563 59 630 666 384 696 191 281 690 683 534 514 557 401 60 544 349 262 668 41 223 112 201 721 399 557 126 96 568 104 368 749 148 692 690 478 405 3 608 156 531 393 132 797 601 542 228 229 742 351 772 28 519 663 169 23 249 410 178 377 690 71 35 58 125 59 361 740 264 36 137 500 217 89 126 501 547 669 558 422 420 201 186 774 730 384 792 630 363 683 271 282 75 346 36 543 605 601 268 436 644 184 222 597 281 44 620 263 28 220 801 401 485 325 489 211 393 539 60 774 725 78 681 99 298 668 5 551 307 77 761 17 281 730 397 624 368 344 413 66 311 355 678 575 523 213 753 184 582 364 374 529 89 665 177 644 455 0 650 23 288 592 137 102 686 537 185 306 484 278 327 491 430 473 642 631 153 747 740 752 373 365 667 695 402 567 42 749 563 228 772 172 724 297 632 668 387 590 433 293 699 234 797 563 153 32 377 781 751 764 505 660 545 456 514 744 623 557 103 447 358 28 778 623 798 37 135 446 154 145 429 764 494 395 480 61 639 313 141 595 442 762 253 692 293 662 318 182 509 688 28 759 282 558 676 784 345 278
402 185 406 460 767 81 204 115 520 108 231 710 143 369 743 108 87 292 229 203 666 335 105 96 474 622 87 203 719 592 657 630 801 659 713 628 444 257 566 336 562 374 58 95 131 525 188 425 571 36 545 19 157 274 606 503 586 512 444 279 391 111 117 167 675 705 21 399 446 411 139 468 37 146 632 187 772 314 555 801 308 614 763 206 370 368 328 586 176 243 449 448 162 746 142 329 345 703 174 654 604 327 259 589 379 152 114 290 30 771 63 431 497 33 569 399 287 650 433 292 181 500 33 668 264 432 577 493 577 449 765 448 242 32 572 730 25 166 238 788 433 431 427 566 64 789 777 318 420 380 126 399 772 294 786 236 9 118 224 398 33 125 112 214 666 53 561 493 398 596 489 60 34 729 217 796 19 348 433 259 531 738 349 569 497 489 183 218 652 493 223 633 795 33 687 559 202 682 784 24 698 43 209 422 250 719 493 246 355 119 222 183 251 32 358 372 294 729 765 350 644 281 245 3 61 379 145 338 324 204 199 782 781 4 252 222 153 600 611 735 222 339 559 219 396 259 504 21 587 260 282 637 443 270 593 258 212 496 595 192 348 168 122 297 246 124 203 253 235 705 388 672 72 389 757 680 12 351 199 143 615 118 696 262 766 597 295 711 764 301 9 574 393 236 133 71 108 157 472 220 555 421 251 715 136 494 211 70 686 182 718 423 249 51 289 780 630 742 620 357 609 381 195 477 167 103 179 510 401 151 0 718 506 201 311 710 642 554 233 573 116 725 302 599 481 641 182 342 478 447 628 370 314 286 193 450 795 308 324 30 621 46 638 152 355 418 614 787 361 652 566 514 680 407 563 149 60 586 302 601 140 768 530 248 403 514 126 85 151 438 88 67 519 706 752 168 338 703 729 438 63 582 614 736
406 403 709 627 342 140 92 728 221 484 46 179 245 145 588 147 372 723 155 738 276 570 124 791 367 420 767 519 782 519 705 59 621 410 425 314 263 553 157 265 94 177 494 47 497 790 161 759 422 802 585 800 138 45 154 414 529 360 500 666 58 705 549 42 450 133 697 465 72 154 429 679 85 259 317 523 87 4 804 661 718 347 128 687 241 335 350 273 691 424 594 808 393 225 10 746 421 164 237 713 324 319 589 786 274 533 229 262 594 571 155 133 362 122 414 113 377 170 618 386 752 197 484 420 406 602 238 176 419 768 143 254 155 372 772 212 81 324 397 221 782 296 709 435 660 54 617 147 140 21 744 256 106 761 800 48 307 804 238 425 49 379 736 168 669 124 189 504 208 511 409 64 272 59 560 536 653 785 369 753 235 438 408 204 87 553 495 696 464 416 374 123 100 614 238 691 165 49 316 654 321 33 415 544 704 750 775 240 646 521 391 232 236 293 681 580 73 454 655 569 457 300 345 589 396 434 49 721 348 678 499 446 192 650 388 191 75 231 642 393 763 258 95 3 213 570 491 60 294 516 749 671 182 522 351 371 541 676 624 801 649 601 305 171 142 326 797 618 361 250 693 382 406 315 609 474 32 214 305 405 114 382 713 119 609 362 12 769 387 492 106 179 76 632 262 533 499 187 114 564 458 115 729 523 25 87 549 592 385 681 311 426 142 121 467 715 296 239 674 596 167 89 234 378 144 586 120 498 141 801 366 680 441 154 769 453 576 476 275 679 350 682 336 710 728 764 803 595 0 82 37 207 320 462 588 99 234 216 343 480 80 541 370 378 662 566 624 9 403 328 417 206 477 722 596 27 786 330 769 806 355 281 658 10 576 272 515 378 454 407 528 636 100 343 726 114 465 475 583 77 492 548 560 152 738 382 521 72