int 10 958 828 994 95 395 206 388 720 722 91
int 11 170 820 249 251 866 556 647 53 248 497 128
int 11 315 134 468 101 16 724 921 674 717 191 439
int 11 660 696 684 235 362 34 138 116 557 234 214
int 11 406 605 935 531 595 116 691 734 497 207 298
int 12 203 837 556 722 802 902 99 591 704 877 508 919
int 13 63 449 15 392 11 659 698 198 989 99 437 174 619
int 14 813 473 400 14 205 759 875 850 814 498 655 636 164 869
int 15 936 553 913 546 37 246 754 144 499 94 491 287 210 603 235
int 18 78 726 123 982 171 680 415 966 133 497 704 861 100 549 381 388 2 491
int 18 743 14 682 230 407 908 588 765 871 856 92 93 199 613 552 285 441 451
int 19 878 526 279 983 420 890 284 787 677 946 495 930 859 960 869 219 656 135 234
int 19 813 968 41 630 546 713 682 804 754 404 690 498 165 819 446 926 858 264 365
int 21 178 319 41 583 692 710 976 720 365 758 562 224 449 168 579 271 960 399 324 351 828
int 21 970 839 688 266 401 25 476 796 717 499 669 805 546 621 281 736 671 727 225 495 785
int 21 784 966 391 397 99 942 275 978 537 575 687 766 548 938 727 381 717 456 256 940 50
int 21 616 820 444 239 879 54 556 773 446 486 234 969 919 860 184 272 991 250 743 753 790
int 22 617 566 778 485 382 641 77 484 275 401 939 244 789 808 302 730 940 489 682 446 127 648
int 22 401 697 972 798 378 580 711 398 756 133 808 209 780 403 871 891 512 696 741 929 561 732
int 23 979 544 939 99 267 294 229 688 682 472 64 358 29 941 40 174 760 247 925 588 643 572 736
int 25 635 817 967 830 327 392 194 856 813 7 379 368 409 234 334 610 507 827 160 539 292 623 889 199 133
int 25 233 248 688 985 270 102 845 325 808 904 92 282 91 560 960 468 703 158 453 363 967 314 623 779 76
int 26 257 739 708 365 906 826 634 132 66 841 171 837 41 353 932 182 142 52 124 391 612 597 852 430 530 873
int 27 177 281 690 430 129 695 447 29 549 250 200 4 705 153 346 838 778 824 219 554 532 100 638 565 83 181 262
int 29 79 152 56 293 631 754 229 570 599 783 491 456 188 729 275 167 824 836 559 739 138 151 96 156 641 173 59 779 300
int 30 365 980 879 496 509 2 111 977 689 140 712 16 462 865 316 874 975 290 42 916 150 270 66 983 840 384 86 85 979 176
int 32 619 659 658 137 298 141 650 120 54 983 836 35 130 10 997 121 75 987 322 96 284 559 472 162 536 679 20 868 464 933 823 414
int 32 186 476 274 369 124 516 903 546 191 794 125 734 950 92 377 727 946 730 19 132 653 181 208 782 283 759 541 921 587 681 760 246
int 32 337 423 54 204 147 234 346 808 326 241 586 212 276 886 868 286 791 400 957 759 190 98 530 389 99 844 583 247 412 948 235 327
int 32 210 54 958 682 559 563 486 975 447 807 523 110 760 658 883 173 292 864 853 267 534 107 376 719 538 629 839 923 882 97 336 668
int 34 694 168 254 353 206 653 893 558 269 100 21 907 586 537 74 533 580 688 114 211 401 173 976 543 577 835 153 555 22 229 394 838 472 630
int 35 733 769 756 403 561 967 450 868 688 235 225 725 629 350 799 170 582 833 13 699 802 241 389 637 575 848 326 324 97 240 544 820 551 832 749
int 35 887 5 515 303 339 754 29 755 748 556 93 835 712 571 82 990 238 833 83 450 803 153 301 546 728 131 782 399 561 333 553 573 216 201 220
int 36 787 99 783 252 71 89 509 210 744 496 478 10 678 495 512 239 508 799 927 992 694 929 829 786 748 53 364 73 490 363 298 577 362 734 377 571
int 37 627 723 612 19 162 110 812 678 139 508 38 119 934 481 927 614 290 54 111 824 624 224 524 362 489 924 671 325 664 316 163 886 783 722 67 17 432
int 37 110 128 747 100 368 386 525 716 54 71 9 804 805 655 427 906 17 842 872 695 132 924 843 578 318 788 443 607 61 595 285 963 564 19 810 138 359
int 38 228 405 907 599 297 381 609 602 744 226 250 294 431 21 17 325 235 858 198 475 760 225 542 960 963 867 702 649 489 351 73 661 676 539 579 910 311 187
int 38 660 205 982 278 893 868 837 162 584 79 945 923 27 20 685 227 740 100 106 35 618 351 653 930 850 861 458 375 548 354 324 788 635 426 253 807 15 903
int 39 716 899 996 856 861 639 441 496 588 903 480 898 617 894 501 711 754 65 327 721 657 960 626 51 408 77 732 206 624 708 114 733 662 21 982 307 75 255 158
double 40 3.55 3.88 9.88 9.29 5.38 3.86 6.2 8.16 1.69 6.35 6.51 6.13 5.62 7.31 7.19 5.76 5.69 4.36 9.18 6.12 2.47 5.28 3.09 6.88 0.18 8.72 9.09 2.96 5.3 8.14 8.06 7.06 6.72 2 4.17 6.87 7.53 0.8 6.78 6.4
int 41 244 958 451 248 677 19 396 643 381 527 583 92 968 351 731 529 592 813 146 233 190 499 899 154 859 151 205 648 390 102 3 664 242 130 874 584 863 251 693 807 204
double 43 7.23 7.18 6.38 1.96 9.68 9.3 6.52 5.08 0.5 7.35 0.92 8.91 5.98 6.53 0.6 0.01 3.48 2.56 0.93 6.9 3.54 7.69 1.59 9.63 7.83 4.89 4.2 9.12 1.01 1.39 6.27 2.44 0.97 0.61 5.63 7.82 1.1 9.33 3.07 3.42 5.32 8.76 4.83
int 43 205 491 415 9 446 323 99 463 404 332 435 878 806 619 819 984 849 813 316 971 337 866 985 472 3 516 955 6 183 907 128 186 809 284 148 687 660 17 302 18 976 952 86
double 44 5.68 7.72 0.91 0.33 8.46 2.61 4.89 6.87 0.39 2.73 2.39 2.17 5.87 9.61 4.61 9.37 2.08 4.26 7.65 1.7 5.66 8.97 2.28 1.74 1.55 9.17 7.9 1.14 1.53 9.23 7.08 7.14 2.38 8.56 8.57 4.28 8.53 3.92 8.94 7.62 4.71 7.4 1.19 9.66
double 45 3.62 6.57 3.4 4.95 4.96 4.72 6.03 7.56 0.56 1.08 9.53 5.33 2.5 7.35 6.44 7.89 8.1 0.93 8.41 6.35 7.14 4.02 9.89 5.51 4.78 2.49 0.78 8.81 7.76 5.3 3.04 9.93 1.72 3.02 9.88 0.34 8.15 4.76 2.75 8.93 4.86 7.24 1.43 4.71 7.59
int 45 813 612 919 75 838 973 929 70 845 872 734 332 788 339 626 174 355 378 122 448 591 938 830 128 598 32 297 893 237 167 856 508 352 839 223 225 417 964 502 384 486 158 810 507 505
int 46 390 519 664 571 389 488 46 961 962 177 891 451 168 209 274 200 798 608 705 221 593 839 573 18 585 247 220 250 714 595 154 487 730 269 286 414 289 535 544 717 192 72 409 682 510 562
double 46 9.75 8.97 4.02 7.77 4.98 3.36 1.57 2.61 4.06 2.41 2.39 1.08 9.68 4.46 6.26 0.39 9.57 1.31 4.53 4.2 1.25 2.5 6.04 0.89 6.06 4.13 7.67 6.95 6 7.58 0.52 8.95 7.16 4.7 5.46 3.62 3.01 5.18 2.36 4.33 3.7 8.07 8.51 5.06 7.8 0.32
int 47 341 882 803 273 610 98 206 768 209 507 586 74 772 861 526 858 998 267 891 107 416 470 430 826 777 459 479 29 103 429 886 544 747 462 244 503 680 188 407 634 848 496 731 547 560 815 85
int 48 748 759 313 85 480 980 453 172 373 227 840 102 130 974 200 357 879 764 913 157 917 446 65 208 896 360 349 324 629 336 76 486 42 289 38 522 957 494 94 718 218 409 737 439 21 321 555 971
int 49 480 229 818 476 9 492 243 644 903 530 81 477 460 619 203 37 759 102 659 511 267 289 322 258 498 35 434 758 672 158 663 529 633 894 534 626 914 59 833 170 661 53 700 649 763 25 464 436 551
int 49 346 445 993 79 569 875 119 327 528 50 512 595 937 845 907 293 877 483 405 859 448 648 733 997 69 983 364 886 133 27 719 600 128 921 871 762 170 21 224 611 198 407 335 633 113 625 508 912 49
double 50 9.25 4.27 9.4 6.87 5.33 1.46 5.66 2.69 9.62 0.9 5.21 3.33 9.27 6.61 0.3 5.34 9.64 0.99 8.73 6.48 0.52 8.99 0.32 0.83 6.01 1.7 6.06 3.17 9.54 6.18 1.65 0.81 2.15 9.53 3.28 9.77 4.68 6.58 8.12 9.28 7.08 3.15 6.98 3.3 2.94 3.92 3.64 2.66 2.2 4.06
int 50 595 430 116 226 888 840 412 552 730 887 314 706 394 72 126 503 791 605 193 283 130 736 343 300 280 427 830 635 815 896 456 970 984 671 48 508 559 312 132 287 625 841 849 492 558 944 253 701 13 665
int 52 442 774 91 762 54 547 240 861 761 503 507 219 681 867 483 650 296 250 297 695 175 337 289 718 22 950 672 36 21 423 215 876 99 535 459 965 783 789 388 481 290 372 327 395 472 846 530 341 834 34 775 518
double 52 7.02 6.98 1.47 4.23 5.86 4.56 2.76 8.45 9.68 6.87 1.72 2.86 6.73 1.11 9.51 7.55 1.42 1.3 2.93 9.07 1.1 7.29 4.07 1.6 4.16 2.38 0.69 5.63 4.13 0.87 8.82 6.09 4.82 1.85 0.34 0.12 5.52 5.93 7.93 4.28 3.89 2.96 4.59 7.05 7.62 7.56 9.55 6.59 3.67 8.86 8.58 9.52
double 52 5.99 9.4 6.35 1.35 5.24 1.52 8.96 4.39 3.84 3.22 0.33 6.16 6.3 3.1 5.46 6.22 1.6 2.21 7.14 9.49 6.98 1.32 9.72 0.49 2.97 5.94 6.62 3.6 9.06 7.15 1.43 9.43 8.48 7.06 0.58 2.51 7.24 3.35 8.11 8.79 8.82 3.16 2.2 5.31 9.5 2.24 2.46 6.53 0.72 1.92 5.75 2.72
int 54 992 260 188 629 345 120 601 508 192 131 960 737 86 667 755 50 298 524 102 469 19 320 518 299 618 775 25 65 757 547 843 557 23 600 828 403 268 744 531 882 870 428 832 796 154 262 334 305 937 931 214 287 664 974
int 57 537 335 249 961 906 766 640 148 744 242 188 503 22 81 341 973 367 14 708 424 57 560 370 243 846 612 975 723 746 830 604 437 875 170 939 704 128 547 998 740 895 345 858 644 972 436 192 913 583 216 956 672 381 653 290 633 440
int 59 296 721 570 201 669 656 974 159 290 890 660 44 725 247 225 578 651 155 352 857 28 827 905 412 888 466 749 948 72 560 350 186 608 65 751 105 330 624 432 621 255 876 429 842 625 658 922 702 31 710 780 144 336 386 946 417 690 475 863
int 61 377 175 120 386 179 16 401 548 489 836 227 952 299 627 132 542 961 978 277 565 438 670 234 869 353 501 104 139 323 677 862 295 410 157 428 303 849 218 357 902 39 403 837 779 380 580 920 594 738 758 557 267 828 685 217 697 349 407 726 33 200
int 62 161 937 870 159 524 366 704 923 19 29 587 942 457 759 186 690 505 616 35 295 687 499 774 684 568 97 135 562 456 187 593 850 841 10 385 724 288 962 842 263 56 197 92 848 88 405 237 313 603 741 786 652 16 482 746 919 678 713 819 1 154 775
int 68 99 617 743 673 807 391 340 327 787 233 880 684 912 324 128 42 815 84 48 756 608 864 953 300 965 869 845 491 481 161 580 395 98 45 67 933 954 561 350 65 90 972 394 412 265 745 326 672 532 799 946 58 638 94 459 38 592 955 249 708 549 35 469 961 206 913 135 7
double 68 9 2.9 4.04 2.02 1.92 3.28 9.52 5.95 8.35 0.52 3.71 1.47 7.11 6.35 8.3 6.1 8.43 2.98 8.62 7.18 0.75 0.18 5.48 5.83 0.3 3.08 7.75 9.34 1.16 2.01 6.73 1.72 9.64 2.67 2.88 5.38 2.09 2.81 7.67 3.07 2.27 3.57 8.24 8.9 0.92 3.11 2.06 6.28 1.56 7.45 6.2 0.82 6.82 7.87 7.85 2.14 2.95 6.34 2.49 6.83 5.11 3.26 4.09 2.15 9.01 9.79 7.96 8.59
double 69 7.63 7.21 9.42 5 3.28 6.54 5.13 9.28 6.79 3.72 2.38 9.55 2.58 9.77 7.9 5.05 2.43 6.44 4.68 4.99 6.3 2.98 6.24 4.06 5.44 8.25 8.8 8.78 7.41 4.87 7.78 8.16 2.66 1.07 0.03 1.53 8.12 6.75 0.15 0.74 0.64 5.86 8.01 8.32 0.32 0.91 0.61 5.9 6.35 6.5 0.41 3.93 1.35 1.24 1.48 7.1 1.91 7.49 5.21 6.17 2.51 3.89 2.89 6.62 2.13 2.1 2.76 6.83 0.09
double 71 6.45 0.24 5.97 4.09 0.94 1.98 6.3 8.9 5.02 2.99 6.37 5.49 4.24 1.46 9.3 9.08 3.96 8.81 7.11 7.14 0.76 8.92 2 8.43 1.69 8.75 8.77 3.98 7.05 9.93 1.08 7.85 8.61 4.2 2.96 6 0.47 5.15 3.62 5.66 9.24 4.88 1.54 8.46 9.12 4.75 8.11 1.68 7.76 9.82 7.01 5.44 8.82 9.53 5.47 0.03 3.75 3.28 4 0.42 2.87 8.79 5.79 7.8 0.86 8.23 6.76 6.19 9.23 6.36 1.02
int 74 187 826 219 960 127 502 28 544 978 699 51 837 351 696 899 222 954 673 695 616 296 254 162 995 195 497 220 784 860 1 253 570 258 627 561 331 556 278 712 142 992 977 715 652 880 68 918 382 333 135 407 633 408 596 474 61 97 472 105 367 982 520 203 244 725 432 111 230 467 889 792 193 817 863
double 75 7.23 6.7 3.74 2.08 0.63 3.33 5.11 1.08 2.17 7.6 1.92 9.78 9.31 2.31 4.3 9.6 1.72 4.52 4.2 2.57 8 7.31 0.94 6.73 2.11 5.26 9.36 7.63 5 2.55 9.59 5.29 5.38 5.25 2.63 3.91 0.26 7.11 5.82 1.69 1.7 9.82 4.09 8.32 9.5 2.91 4.17 8.99 6.15 4.65 8.83 4.48 9.55 5.8 1.89 2.38 2.95 2.19 4.1 1.85 5.32 2.83 6.19 5.63 5.6 2.84 4.26 1.76 8.38 0.78 9.06 1.82 0.37 5.35 7.36
double 76 0.78 2.35 5.18 1.79 9.75 1.76 6.43 1.28 9.4 2.84 2.39 3.86 4.54 3.82 6.73 3.89 5.73 5.31 9.24 8.54 1 7.35 3.44 0.69 5.08 5.34 1.75 7.19 4.18 7.92 5.95 2.77 4.2 5.67 5.16 1.53 7.8 4.99 3.5 1.04 8.02 3.23 4.3 6.05 4.5 9.51 7.39 9.02 1.68 4.45 0.97 0.61 5.69 5.38 2.36 8.6 4.48 1.64 9.1 6.64 6.47 3.65 1.09 6.95 4.59 9.36 7.7 4.96 3.62 6.04 6.14 7.53 1.23 9.3 2.54 7.66
double 78 5.6 3.33 3.95 9.66 2.16 2.73 5.25 7.14 1.66 4.11 7.44 5.14 3.64 3.77 2.4 3.24 5.5 4.01 4.89 7.2 8.43 4.99 6.64 2.44 6.07 9.51 1.92 0.66 1.19 3.11 1.43 8.85 7.57 5.46 9.8 3.04 7.08 7 0.2 1.4 6.01 7.54 1.88 0.39 8.55 9.19 6.13 2.25 4.8 6.78 4.6 4.47 5.01 5.67 7.21 6.04 1.02 4.33 5.73 1.03 4.35 8.61 8.46 8.74 5.81 4.32 2.59 2.53 6.8 1.01 7.15 2.41 1.82 8.04 3.3 0.25 7.04 0.76
int 78 431 310 906 781 57 828 915 770 86 850 79 348 249 449 605 408 807 134 764 105 74 667 688 405 45 32 386 339 433 343 29 816 869 959 884 908 321 399 819 479 458 297 580 530 616 523 996 22 327 92 863 385 921 486 831 325 323 651 456 633 501 734 174 383 606 122 410 3 141 655 492 564 618 789 142 924 161 903
double 79 3.65 3.81 8.8 0.58 7.29 7.94 5.31 8.5 4.59 2.58 0.09 7.56 9.88 1.23 4.99 9.52 0.33 5.3 5.58 5.5 5.2 1.94 9.95 2.65 6.47 4.71 1.61 3.43 6.84 5.32 3.44 4.63 9.14 5.55 1.93 7.61 9.41 7.06 8.84 7.01 6.23 0.61 9.25 2.66 6.6 5.96 7.07 7.98 8.26 3.33 8.35 9.56 0.96 8.89 3.57 7.84 8.3 5.09 1.9 7.85 6.52 1.44 1.18 0.85 1.25 1.5 6.7 6.61 2.39 6.53 1.56 8.04 5.97 2.15 2.98 9.28 3.89 8.19 1.88
double 79 5.74 2.06 9.73 4.78 6.66 9.4 8.79 3.16 4.19 0.83 8.25 1.65 7.22 9.54 9.26 1.58 3.54 3.7 1.07 2.01 9.06 1.66 6.73 6.58 6.53 3.86 2.05 0.57 1.22 7.47 7.91 1.08 2.18 0.89 0.56 2.51 8.69 5.76 2.63 6.87 3.61 0.27 0.74 9.01 9.86 5.28 1.54 9.66 2.41 2.79 7.38 6.06 5.52 1.8 0.34 1.99 4.37 7.05 7.09 8.19 2 7.65 0.69 8.88 7.58 3.65 3.39 6.28 8.58 2.12 8.14 9.15 4.5 1.72 7.93 5.8 6.71 3.94 1.94
int 80 512 292 463 962 645 574 52 54 365 661 413 156 862 903 21 816 588 935 922 905 76 403 349 844 287 419 637 460 826 599 330 441 291 32 181 114 701 726 61 939 576 681 77 25 549 906 690 699 949 258 521 55 459 138 996 838 126 97 606 331 267 629 582 572 633 328 581 520 998 317 734 934 943 496 937 362 388 424 30 930
int 81 27 778 338 682 785 40 596 327 805 995 953 988 471 271 345 314 909 216 460 826 708 466 933 434 622 692 275 538 82 895 620 419 281 79 46 879 168 116 504 32 796 829 531 815 709 882 737 731 286 684 602 394 760 751 824 339 464 863 87 274 118 144 870 100 738 150 16 123 624 426 382 80 23 912 402 722 101 13 513 14 801
double 81 8.67 9.88 5.61 5.25 4 0.75 8.35 4.21 6.16 0.7 7.24 1.19 5.18 2.83 0.12 2.03 9.87 7.76 9.92 7.57 8.57 3.98 6.23 4.3 6.25 7.63 8.45 9.74 4.26 8.13 7.65 3.85 2.33 4.43 2.99 7.42 3.12 2.19 2.65 5.62 0.33 9.09 1.32 6.1 5.91 6.52 3.79 0.79 3.03 2.42 4.2 1.87 3.76 6.56 1.81 0.3 4.24 7.81 3.09 6.73 7.39 4.87 3 5.06 9.81 2.12 2.78 6.6 2.25 7.25 6.17 8.19 1.75 6.43 4.5 7.55 5.32 0.58 2.02 8.06 2.26
int 81 207 450 333 295 770 47 814 324 567 710 100 950 554 965 41 285 311 403 271 484 117 936 938 177 51 561 83 691 592 535 943 331 858 302 448 552 765 816 493 418 846 94 419 624 277 690 478 517 806 447 543 579 149 657 747 407 441 801 488 740 485 308 346 262 426 170 703 49 31 916 463 73 367 91 283 235 515 109 787 40 351
double 82 5.81 4.1 3.21 2.7 8.89 6.28 6.16 1.84 7.09 6.02 6.8 7.02 8.96 0.87 0.01 0.55 0.86 1.35 4.96 1.21 1.5 3.47 4.83 5.27 3.01 1.41 0.26 4.64 5.77 7.74 2.93 4.3 2.88 2.13 5.08 4.33 4.13 5.47 2.59 3.53 1.3 5.49 5.92 5.72 2.74 7.65 4.92 5.56 3.19 5.97 2.95 8.12 1.24 9.92 5 2.18 9.16 0.46 2.49 5.26 3.4 7.15 7.94 3.81 2.35 7.34 7.12 4.66 7.75 4.95 6.7 2.63 3.23 1.98 1.9 8.49 4.17 5.6 3.55 9.43 6.36 6.96
double 83 4.59 5.95 0.22 9.14 8.47 6.06 4.03 1.75 4.34 0.35 9.66 5.07 3.51 5.64 1.54 7.81 6.07 1.15 2.46 6.14 6.83 9.45 1.22 6.91 6.89 8.1 5.48 1.89 9.27 2.2 7.87 7.82 1.33 8.55 1.26 6.82 5.61 8.78 5.92 9.93 1.74 2.14 7.74 6.97 0.24 9.71 7.14 4.18 0.78 8.31 2.59 7.99 6.58 5.89 2.27 3.26 4.61 4.96 0.09 7.55 9.62 7.66 6.85 0.59 0.23 8.86 5.69 8.53 8.06 4.93 2.52 2.4 6.92 5.22 4.57 1.5 7.7 2.29 8.7 8.29 0.99 6.25 9.51
double 84 7.43 1.63 2.81 3.1 0.78 1.12 3.44 9.73 3.88 6.61 9.6 3.86 4 4.48 2.07 8.18 7.38 1.71 2.44 6.04 3.17 6.53 9.67 5.36 1.62 8.67 7.18 7.1 2.12 6.65 3.09 9.91 3.55 5.27 7.98 6.05 3.97 4.02 6.63 8.45 9.81 5.94 5.28 5.11 5.86 6.79 3.78 4.53 4.61 0.24 4.16 6.71 3.31 2.35 1.87 2.53 4.65 6.48 7.92 5.17 4.55 8.31 9.21 2.46 2.02 1.15 8.95 3.18 5.64 7.05 4.31 7.68 4.79 2.48 7.57 1.01 1.6 8.09 3.73 1.73 6.76 7.35 8.25 5.08
int 85 204 319 996 874 65 222 849 227 163 945 860 578 117 389 195 1 133 78 96 27 126 925 434 22 657 427 226 647 926 430 41 463 26 618 605 574 899 971 30 848 33 914 714 370 944 413 684 301 146 282 789 224 262 946 604 482 742 509 425 69 196 862 850 954 51 761 725 569 518 582 342 621 512 840 880 340 56 361 230 563 130 607 375 961 79
int 85 494 582 319 623 243 838 652 820 277 304 900 320 690 538 560 811 456 658 933 885 160 541 418 355 437 572 953 959 784 801 587 983 957 273 45 549 821 958 799 78 229 427 754 935 617 683 430 321 640 155 248 65 605 902 923 639 898 790 411 604 887 995 119 50 329 798 753 972 677 267 220 613 607 4 774 748 54 359 827 325 962 741 93 353 866
double 85 3.71 4.92 2.13 8.9 3.79 6.54 3.14 1.78 4.52 0.65 5.21 4.22 2.86 6.12 8.2 4.91 3.83 4.24 5.75 1.73 0.27 9.83 7.06 0.54 6.74 6.56 4.04 0.78 3.44 2.27 1.83 9.96 2.93 9.41 6.65 1.25 1.46 7.85 8.83 5.69 4.53 7.14 5.25 2.49 4 5.68 6.97 8.91 8.3 7.18 8.43 8.23 7.78 3.63 0.82 4.98 9.49 5.8 0.14 1.54 2.68 6.11 6.13 9.54 8.72 6.78 5.37 5.43 8.45 6.01 9.19 4.66 2.78 6.5 6.85 2.79 7.86 8.03 5.1 4.48 0.45 6.27 7.32 9.25 3.64
int 86 715 467 254 969 44 438 782 662 566 49 285 499 862 682 359 901 521 627 67 132 820 818 980 613 893 498 964 726 317 157 26 747 677 424 602 760 791 564 478 866 822 218 998 273 643 560 951 31 692 828 738 929 511 102 325 233 833 249 864 966 20 227 858 734 655 914 904 321 245 827 906 407 486 212 45 305 668 425 581 610 61 755 768 443 636 18
double 88 1.68 3.45 1.21 8.07 5.7 9.72 7.68 9.38 3.09 6.68 2.79 7.25 0.65 1.03 3.99 5.17 0.95 5.44 1.22 6.4 1.91 3.2 4.37 4.18 2.12 2.6 5.96 5.47 5.29 6.46 5.54 2.71 0.92 2.72 3.69 4.66 7.86 5.87 1.43 0.84 0.82 1.18 6.39 5.35 5.74 1.54 5.75 2.97 2.92 1.8 6.66 0.3 8.36 1.95 3.29 5.33 1.56 2.45 5.76 5.3 8.25 4.55 8.12 7.71 5.02 3.33 5.77 0.31 2.84 5 0.6 6.14 1.75 1.36 7.18 5.14 6.13 7.76 5.9 6.8 0.05 4.36 2.4 2.05 2.75 6.45 5.05 4.14
int 90 991 480 529 699 933 475 873 422 436 721 353 71 913 624 172 113 854 103 965 891 707 835 843 240 829 321 878 185 366 866 853 27 216 130 768 575 710 238 689 160 777 90 66 658 879 678 950 2 852 523 897 859 13 553 288 683 548 112 789 903 561 391 762 106 221 531 268 918 405 686 269 224 631 4 821 102 907 379 986 901 673 803 416 738 70 230 456 244 43 3
double 91 2.84 9.39 1.55 8.82 5.16 5.35 6.99 9.76 1 0.29 8.06 5.66 5.26 0.76 3.09 6.55 7.61 3.84 5.85 9.15 1.22 9.11 8.32 4.09 7.36 3.58 7.55 5.44 4.39 9.41 1.43 7.29 5.9 2.33 2.63 4.02 6.53 5.97 2.6 8.92 3.52 5.98 6.13 3.63 1.8 8.46 7.68 2.7 0.23 3.35 3.39 0.67 6.63 7.01 9 1.49 0.43 0.85 6.44 6.11 5.75 7.39 6.48 5.39 1.93 6.17 0.7 4.24 8.4 1.81 3.74 4.42 1.42 8.54 2.65 0.16 0.08 9.28 4.06 2.01 0.01 2.72 7.21 6.88 1.99 0.69 9.22 4 0.73 2.62 7.34
int 91 567 472 520 468 223 870 868 486 855 546 24 13 751 879 986 812 956 598 392 300 16 81 365 379 569 935 11 5 666 922 852 722 762 213 327 585 539 917 669 696 580 1 133 462 224 371 862 70 286 549 676 344 19 64 994 527 147 160 102 720 807 532 590 883 58 670 350 519 158 299 110 262 305 253 92 166 480 921 61 985 770 321 436 498 948 687 334 228 634 733 507
double 91 9.55 6.65 3.79 0.23 7.84 8.04 7.68 4.04 1.96 5.83 6.46 0.44 3.45 8.94 4.88 9.46 8.97 2.34 4.64 5.68 9.33 2.24 6.48 4.66 3.61 3.66 1.42 3.68 4.57 3.23 4.71 3.34 1.41 8.68 1.6 8.89 8.67 7.92 2.66 1.06 3.98 2 9.11 4.11 6.92 7.21 2.93 5.2 0.47 5.05 2.61 0.11 9.76 0.29 4.86 5.66 9.96 2.38 3.32 1.45 8.84 1.2 5.32 7.87 8.61 6.84 5.26 3.38 4.13 9.84 0.16 9.85 7.15 9.3 2.36 0.31 7.28 7.82 6.35 3.52 3.06 6.33 0.05 1.77 3.8 8.75 1.27 4.73 6.45 3.9 9.81
double 93 0.65 4.53 7.57 4.7 6.27 2.5 5.05 5.42 5.17 4.31 9.35 9.01 2.29 5.29 6.42 0.18 9.38 2.74 9.92 3.79 4.32 1.24 5.63 1.75 6.75 8.47 4.88 0.11 7.95 7.78 9.3 6.85 1.6 6.1 7.88 2.6 1.09 9.75 7.22 9.2 6.01 3.36 5.95 1.36 4.84 7.63 2.65 9.88 4.94 0.66 1.41 1.89 0.42 9.12 5.54 3.03 8.14 4.38 0.81 5.57 3.35 0.3 9.49 7.64 2.41 6.19 0.54 4.97 6.25 3.45 6.74 4.02 8.38 2.98 5.4 5.22 0.56 9.36 1.46 3.16 3.9 5.38 9.14 3.77 3.78 5.19 4.14 7.19 7.32 7.1 7.59 9.72 4.9
int 95 958 95 663 70 361 59 272 822 867 979 383 909 179 947 567 353 275 864 607 169 716 593 961 691 452 555 988 985 954 162 133 84 381 773 782 972 139 625 655 465 835 184 998 435 104 254 543 427 916 927 252 91 355 393 419 599 618 264 488 780 402 368 519 859 204 37 637 801 239 424 573 136 319 83 698 858 499 164 613 561 763 126 363 789 260 274 545 374 297 303 911 813 681 323 654
int 96 998 831 134 694 92 654 819 121 258 648 876 277 101 626 663 875 818 526 547 473 584 723 229 90 705 332 602 650 183 107 505 671 748 4 274 533 947 447 169 560 820 507 896 848 570 117 306 356 208 138 100 78 909 960 346 156 79 958 631 248 931 806 870 944 840 48 319 639 211 522 260 283 402 691 337 715 440 641 603 636 371 682 437 759 555 785 382 111 656 414 490 955 962 221 93 790
double 97 9.15 1.07 8.76 1.43 7.53 6.68 8.38 2.82 6.01 1.44 8.54 7.47 2.49 3.38 1.06 1.48 5.41 9.03 2.86 2.47 2.29 9.57 7.28 8.37 9.86 7.49 9.5 6.12 2.07 5.95 4.27 5.34 2.53 0.06 3.75 4.68 4.23 6.14 5.71 3.94 6.47 2.63 5.18 9.96 1.39 4.7 7.79 0.77 7.59 4.98 9.76 7.08 5.78 4.49 2.37 3.46 3.65 6.49 0.31 1.3 5.91 1.65 1.17 2.12 1.8 5.39 0.49 1.19 7.78 2.68 8.04 4.62 8.94 2.99 5.58 2.55 4.13 7.76 8.62 9.31 6.1 5.93 0.78 4.5 7.06 8.19 5.97 7.36 8.13 4.51 0.62 8.73 5.82 0.81 2.02 2.28 4.08
int 97 518 618 543 677 853 774 534 586 929 224 203 693 29 389 621 97 634 976 935 724 454 772 485 216 386 313 817 686 468 899 846 372 663 879 875 412 291 728 548 777 25 712 50 456 34 463 80 122 414 138 995 695 345 240 292 667 20 376 152 907 764 189 858 121 141 478 850 344 649 733 427 816 466 867 106 839 266 880 602 754 238 459 227 488 95 96 457 925 515 204 265 15 526 416 100 124 905
int 100 623 372 724 3 235 283 663 580 113 223 383 403 323 22 526 958 245 200 591 596 157 490 957 631 693 451 579 709 953 349 521 386 936 791 35 966 932 915 435 589 518 376 127 268 170 254 129 442 560 763 907 688 300 886 678 987 240 655 692 989 11 156 640 986 474 648 702 132 538 856 610 248 462 249 49 916 748 484 565 176 320 213 231 161 429 364 6 597 820 901 242 550 715 341 877 175 755 499 448 832
int 102 767 649 586 199 730 512 934 407 31 569 45 158 178 743 593 153 896 829 183 160 691 680 875 38 920 841 755 678 835 713 784 827 655 129 511 860 824 40 564 385 832 165 904 704 582 604 414 80 795 856 154 803 20 11 957 357 454 202 644 462 466 493 679 780 643 653 244 505 224 765 186 617 166 77 939 806 206 613 161 145 207 677 455 970 72 260 742 723 478 597 944 488 991 179 822 690 830 495 986 733 629 782
double 103 5.54 5.18 2.08 5.5 2.39 0.8 0.77 8.09 7.9 8.28 6.3 1.65 0.66 1.22 9.27 4.09 6.52 8.06 5.51 1.82 8.72 3.88 4.74 9.3 3.27 7.51 8.21 1.97 1.54 1.23 7.95 4.19 4.6 6.43 3.9 9.24 3.28 0.81 0.91 1.67 0.55 2.85 3.69 9.9 6.86 6.53 2.37 3.66 4.49 9.02 6.74 4.54 6.59 7.41 7.17 9.81 9.62 5.56 8.38 2.1 1.72 1.59 4.87 0.99 0.97 6.01 7.88 8.53 5.24 8.18 3.17 4 4.51 1.13 3.96 4.57 2.49 4.55 1.73 6.54 4.85 3.82 5.15 2.06 8.89 7.2 0.7 5.75 7.47 7.57 8.2 1.93 4.22 7.94 8.47 6.11 1.61 3.06 9.67 1.48 5.88 0.74 4.75
int 104 912 87 806 402 838 28 215 241 900 420 731 652 235 462 505 934 917 786 72 931 133 909 856 30 519 265 766 129 452 460 684 69 997 61 849 834 189 764 246 724 113 245 509 154 650 557 708 384 435 427 585 656 872 329 867 268 333 822 739 647 789 602 996 381 800 82 225 630 970 73 922 691 394 540 205 637 949 356 45 589 881 718 738 432 593 398 266 911 195 436 3 411 828 371 648 209 649 42 510 577 301 770 137 213
int 105 232 8 405 377 783 771 938 388 239 172 133 832 328 748 963 803 727 314 103 489 75 473 283 38 823 92 669 950 135 350 510 944 914 438 993 753 757 528 740 666 493 679 499 357 728 919 516 152 416 543 51 989 945 383 84 915 523 623 577 519 913 169 618 636 540 603 105 259 857 761 9 567 861 272 905 642 485 568 649 118 814 682 677 312 164 66 941 430 302 796 691 94 432 647 726 609 530 671 213 854 218 570 787 878 249
double 106 6.3 9.44 1.15 2.86 0.62 8.25 7.06 9.03 5.2 4.85 8.27 2.63 9.36 0.4 3.85 9.17 8.15 6.76 1.04 7.82 5.18 8.61 2.94 0.8 9.6 6.66 0.11 3.6 8.13 1.65 2.22 1.01 6.39 1.42 1.16 4.26 2.19 2.13 6.82 2.78 4.54 1.92 5.11 5 7.46 7.71 1.19 2.29 6.24 2.67 1.28 1.07 4.18 7.68 8.43 3.91 8.49 9.56 3.03 9.21 2.54 1.66 1.27 7.94 8.5 1.22 0.03 3.67 9.89 4.78 7.18 1.21 2.04 4.35 7.25 6.54 0.32 9.08 1.99 6.36 7.93 0.13 8.05 8.38 9.79 1.47 1.77 7.74 5.92 0.82 4.05 4.09 3.34 1.7 7.89 1.87 2.55 8.44 6.74 1.4 4.93 9.88 5.83 7.17 0.95 8.36